#Mánaðarmeðaltöl fyrir stöð 505 - Raufarhöfn
stöð	 ár	mán	  t	  tx	  txx	txxD1	  tn	 tnn	tnnD1	 rh	 r	 rx	rxD1	 p	 n	sun	 f
505	1949	1	 -4.1	NA	NA	NA	NA	NA	NA	NA	NA	NA	NA	 995.1	7.0	NA	 7.9
505	1949	2	 -1.8	NA	NA	NA	NA	NA	NA	NA	 49.6	 10.0	26	 990.2	5.0	NA	 6.3
505	1949	3	 -2.4	NA	NA	NA	NA	NA	NA	NA	 11.9	  3.0	18	1010.4	6.2	NA	 4.7
505	1949	4	 -2.7	NA	NA	NA	NA	NA	NA	NA	 57.0	  8.0	21	1001.5	6.8	NA	 6.2
505	1949	5	  0.5	NA	NA	NA	NA	NA	NA	NA	119.5	 34.8	28	1016.9	7.3	NA	 5.9
505	1949	6	  7.8	 10.2	 20.2	26	  6.0	 -0.4	8	NA	 58.2	 18.6	13	1017.3	5.5	NA	 2.5
505	1949	7	 10.3	 12.6	 23.6	8	  7.7	  4.4	5	NA	 46.4	 11.0	29	1013.9	6.1	NA	 3.3
505	1949	8	  8.1	NA	NA	NA	  5.5	 -1.0	17	NA	117.9	 21.2	14	1010.2	6.3	NA	 4.3
505	1949	9	  7.8	 10.6	 22.0	12	  5.0	 -1.8	30	NA	 94.3	 19.0	1	1009.3	6.0	NA	 3.1
505	1949	10	  3.0	  4.6	 10.2	15	  0.6	 -7.8	27	NA	120.8	 21.1	20	1004.5	6.3	NA	 5.0
505	1949	11	  1.6	  3.2	  7.0	1	 -0.1	 -5.0	27	NA	 37.0	  9.4	23	 999.7	6.8	NA	 5.8
505	1949	12	 -1.2	NA	NA	NA	 -3.5	-12.1	9	 86.0	 66.9	 14.7	15	 998.5	6.7	NA	 7.1
505	1950	1	  1.9	NA	NA	NA	  0.2	 -5.2	7	 88.0	 65.2	 13.4	2	1002.9	5.9	NA	 9.1
505	1950	2	 -1.9	NA	NA	NA	 -4.0	-13.2	22	 85.0	 42.4	  6.7	15	 996.5	6.7	NA	 9.1
505	1950	3	 -1.0	NA	NA	NA	 -3.5	-14.2	19	 85.0	 55.0	  8.6	30	1005.9	6.2	NA	 7.1
505	1950	4	 -1.1	NA	NA	NA	 -3.0	 -8.2	25	 84.0	 30.9	  4.7	2	1005.0	6.7	NA	 7.9
505	1950	5	  4.7	NA	NA	NA	  1.6	 -3.6	3	NA	 12.5	  3.8	2	1020.8	5.1	NA	 4.8
505	1950	6	  6.5	NA	NA	NA	NA	NA	NA	NA	 22.4	  8.0	19	1008.9	6.3	NA	 5.2
505	1950	7	  8.3	NA	NA	NA	  6.7	  4.6	1	NA	 94.7	 27.6	26	1011.4	6.8	NA	 5.6
505	1950	8	  8.5	 10.2	 14.0	7	  6.9	  1.6	29	NA	138.6	 39.1	17	1006.2	6.8	NA	 5.2
505	1950	9	  5.6	  7.5	 12.0	1	  4.0	 -0.6	30	NA	131.7	 22.6	9	 999.5	6.9	NA	 5.5
505	1950	10	  3.7	  5.0	 10.0	24	  1.7	 -2.0	21	NA	110.2	 15.4	10	1002.9	6.5	NA	 6.4
505	1950	11	  0.3	  2.5	  9.6	6	 -1.8	-10.0	28	NA	 46.5	  7.1	14	1004.3	6.3	NA	 7.1
505	1950	12	 -2.7	 -0.3	  4.0	1	 -4.7	-10.6	13	NA	 87.6	 14.1	18	1009.4	6.9	NA	 6.9
505	1951	1	 -1.6	  0.2	  4.9	23	 -4.1	-10.0	3	NA	 42.2	  7.8	19	 998.8	6.4	NA	 6.5
505	1951	2	 -0.7	  1.3	  5.5	28	 -3.4	-11.2	25	NA	 41.8	 11.3	2	 999.0	7.1	NA	 6.7
505	1951	3	 -3.7	 -1.7	  7.3	1	 -5.7	 -9.2	27	NA	 66.2	  7.5	6	1016.4	6.9	NA	 6.6
505	1951	4	 -2.1	  0.2	  8.5	30	 -4.1	-10.0	20	NA	 28.8	  5.0	12	1016.2	6.9	NA	 6.2
505	1951	5	  4.4	  7.3	 15.8	30	  1.9	 -2.0	3	NA	  9.8	  5.0	18	1019.6	5.8	NA	 4.6
505	1951	6	  5.6	  7.9	 13.0	22	  3.4	  0.0	10	NA	  5.7	  3.0	22	1017.0	6.2	NA	 4.1
505	1951	7	  8.4	 10.8	 17.0	13	  6.3	  1.0	25	NA	 80.1	 13.0	24	1009.5	6.0	NA	 5.5
505	1951	8	  8.1	  9.7	 12.8	15	  6.2	  2.1	12	NA	 87.7	 23.4	29	1007.2	7.0	NA	 5.8
505	1951	9	  6.2	  8.1	 11.8	22	  4.2	 -0.4	18	NA	145.7	 33.8	15	1005.9	6.4	NA	 5.9
505	1951	10	  3.9	  7.2	 15.2	1	  1.4	 -6.9	22	NA	 26.8	  6.0	20	1001.8	6.2	NA	 5.7
505	1951	11	  0.2	  2.3	  6.2	11	 -1.9	-10.9	25	NA	 48.2	  9.6	12	1006.8	7.3	NA	 7.3
505	1951	12	 -1.5	  1.0	  6.2	11	 -4.6	-13.0	10	 85.0	 60.7	 15.2	25	 987.8	7.1	NA	 8.3
505	1952	1	 -2.5	 -0.3	  8.7	20	 -5.2	-11.0	28	 81.0	 67.8	 16.5	9	 996.3	7.1	NA	10.5
505	1952	2	 -1.8	  0.8	  5.7	26	 -4.1	-13.2	16	 86.0	 61.4	  9.5	23	1008.4	7.5	NA	 6.5
505	1952	3	 -1.4	  1.0	  6.2	17	 -4.1	-10.0	26	 81.0	 26.6	 15.1	22	1011.7	6.7	NA	 6.5
505	1952	4	  0.2	  2.3	  8.2	25	 -2.0	 -9.0	14	NA	 72.3	 17.1	7	1002.9	7.0	NA	 5.0
505	1952	5	  2.7	  5.3	 14.2	20	  0.5	 -2.9	4	 85.0	 25.2	  7.7	7	1019.1	7.1	NA	 5.9
505	1952	6	  3.2	  5.5	 15.2	8	  1.5	 -2.1	1	 90.0	 49.4	  9.4	6	1010.6	7.5	NA	 4.2
505	1952	7	  8.0	 10.7	 19.8	24	  5.7	  1.6	13	 87.0	 34.7	 12.2	12	1010.2	6.8	NA	 3.8
505	1952	8	  7.3	  9.5	 13.7	18	  5.4	 -1.7	29	 86.0	 44.9	 12.9	22	1010.6	7.2	NA	 3.5
505	1952	9	  5.6	  8.6	 19.7	11	  3.0	 -1.8	30	 87.0	 71.8	 20.2	2	1013.8	6.3	NA	 5.6
505	1952	10	  4.7	  7.3	 12.2	19	  2.7	 -3.9	10	 87.0	 87.7	 22.3	29	1003.9	6.3	NA	 6.4
505	1952	11	  0.5	  2.7	  7.2	17	 -2.1	-11.3	23	 85.0	 23.0	  6.0	9	1012.8	6.4	NA	 3.8
505	1952	12	 -0.1	  2.1	  7.3	1	 -2.1	-10.8	18	 86.0	 69.0	 21.1	11	1008.3	7.0	NA	 6.9
505	1953	1	 -1.5	  1.6	  6.9	25	 -4.8	-11.1	30	 82.0	 57.6	  7.5	18	1002.6	6.4	NA	 4.4
505	1953	2	 -0.5	  2.5	  7.2	28	 -3.4	-11.5	1	 82.0	 48.5	 11.0	16	1004.8	5.9	NA	 6.4
505	1953	3	  0.7	  3.7	 10.2	18	 -2.0	-11.1	27	 82.0	 96.1	 19.1	28	1008.5	6.3	NA	 6.8
505	1953	4	 -2.9	 -0.3	  6.2	20	 -5.5	-14.6	2	 82.0	102.5	 32.6	11	1015.1	7.1	NA	 9.0
505	1953	5	  3.7	  6.2	 11.2	7	  1.1	 -3.4	1	 83.0	 11.5	  2.6	29	1017.8	5.5	NA	 4.5
505	1953	6	  9.7	 12.6	 23.7	24	  6.8	 -2.3	2	 82.0	  3.0	  1.0	23	1012.2	5.1	NA	 3.5
505	1953	7	  8.8	 10.8	 13.2	16	  7.1	  4.6	17	 90.0	 28.6	 11.4	7	1010.0	7.1	NA	 2.9
505	1953	8	  9.8	 12.5	 21.2	7	  7.5	  1.7	31	 89.0	 38.5	  8.2	21	1006.2	6.6	NA	 3.3
505	1953	9	  7.9	 11.1	 18.2	13	  5.3	  0.0	12	 87.0	 40.8	  9.6	27	1004.6	6.3	NA	 4.1
505	1953	10	  3.8	  6.8	 13.6	19	  1.1	 -7.7	14	 81.0	100.9	 12.6	27	 997.6	5.6	NA	 6.9
505	1953	11	  1.3	  4.5	  9.9	23	 -1.6	 -9.7	20	 82.0	 89.0	 15.5	11	 992.0	6.2	NA	 6.5
505	1953	12	  1.9	  5.4	 11.2	16	 -1.8	-10.9	4	 76.0	 21.0	  4.5	22	 994.7	5.1	NA	 7.1
505	1954	1	  0.6	  3.7	 10.2	3	 -2.9	-10.2	8	 80.0	 36.8	 12.4	2	1007.2	5.5	NA	 7.1
505	1954	2	 -0.4	  2.3	  7.6	4	 -3.0	-13.9	28	 79.0	 32.8	  9.8	27	1000.1	5.2	NA	 7.4
505	1954	3	 -1.0	  1.6	  7.8	19	 -3.8	-14.9	1	 82.0	 14.4	  2.5	9	1004.8	6.7	NA	 7.1
505	1954	4	  1.6	  5.1	 12.2	16	 -1.1	 -5.9	21	 83.0	 20.8	  6.3	19	1013.4	6.1	NA	 5.7
505	1954	5	  4.2	  6.7	 14.8	18	  1.9	 -3.8	1	 85.0	 11.2	  2.4	10	1019.9	6.7	NA	 4.9
505	1954	6	  6.3	  8.9	 12.4	18	  4.5	  0.9	11	 87.0	 21.5	 11.3	23	1010.8	6.8	NA	 4.7
505	1954	7	  7.7	 10.1	 13.7	6	  5.8	  2.1	4	 91.0	 45.4	  9.0	31	1006.4	7.2	NA	 4.7
505	1954	8	  8.2	 10.6	 18.9	19	  6.0	  2.3	29	 90.0	 60.1	 20.3	1	1011.5	7.0	NA	 3.2
505	1954	9	  4.0	  5.8	 10.7	1	  2.5	 -3.8	27	 90.0	 65.6	  8.6	9	1004.7	7.2	NA	 5.3
505	1954	10	  2.1	  4.4	 10.4	8	 -0.3	 -5.1	16	 86.0	 64.7	 17.7	29	 998.1	6.8	NA	 6.2
505	1954	11	  2.0	  4.2	  8.2	17	 -0.3	 -7.9	6	 83.0	 25.0	  4.5	29	 993.2	5.9	NA	 7.4
505	1954	12	 -1.6	  1.0	  6.7	16	 -4.2	-11.1	22	 80.0	 33.1	  7.6	4	 993.9	6.1	NA	 6.6
505	1955	1	 -3.1	 -0.6	  7.0	2	 -5.9	-15.9	19	 81.0	 67.7	 16.3	24	1007.0	6.6	NA	 6.8
505	1955	2	 -3.6	 -0.9	  4.8	28	 -6.7	-12.4	21	 78.0	  9.2	  2.5	5	1013.9	5.4	NA	 6.2
505	1955	3	 -2.2	  1.0	  6.5	10	 -5.4	-12.5	27	 78.0	 21.2	  4.9	30	1017.8	5.9	NA	 5.8
505	1955	4	  2.0	  5.3	 14.2	17	 -0.6	 -8.5	20	 86.0	 15.2	  3.9	5	1009.7	6.5	NA	 5.9
505	1955	5	  3.0	  6.1	 18.2	29	 -0.0	 -9.2	17	 82.0	 11.3	  4.0	13	1015.4	5.6	NA	 5.4
505	1955	6	  6.8	 10.1	 18.2	26	  4.4	  0.5	16	 83.0	 21.2	 11.0	29	1012.6	5.8	NA	 4.3
505	1955	7	 11.3	 15.2	 25.2	24	  8.2	  4.1	15	 80.0	 27.9	  7.2	16	1007.3	6.0	NA	 4.1
505	1955	8	 10.7	 14.6	 23.3	11	  8.0	  2.5	31	 82.0	 32.5	  8.6	19	1005.0	6.1	NA	 4.0
505	1955	9	  6.6	  9.8	 17.2	10	  4.0	  0.9	2	 87.0	 55.0	 12.9	25	 998.6	6.7	NA	 4.8
505	1955	10	  1.4	  4.2	  8.3	22	 -1.9	 -9.1	21	 81.0	 31.2	  6.8	13	1011.0	5.5	NA	 4.0
505	1955	11	  1.6	  4.6	 10.8	21	 -0.7	-12.2	28	 84.0	 26.7	  3.0	5	1012.4	7.0	NA	 7.2
505	1955	12	 -3.1	 -0.6	  2.9	14	 -5.7	-13.5	31	 78.0	 51.6	  5.5	27	1003.2	6.8	NA	 8.3
505	1956	1	 -3.7	 -0.8	  7.7	4	 -6.7	-17.5	25	 76.0	 60.9	 15.0	8	1004.5	6.1	NA	 8.0
505	1956	2	  1.1	  3.4	  9.5	8	 -0.7	 -5.1	3	 82.0	 21.7	  5.8	28	1016.9	6.8	NA	 4.1
505	1956	3	  1.4	  4.9	 11.2	27	 -1.7	-13.5	4	 80.0	 11.9	  3.9	1	1006.4	5.6	NA	 4.4
505	1956	4	 -0.1	  2.8	 12.7	1	 -2.0	 -8.1	10	 83.0	 17.2	  2.9	8	1015.1	7.2	NA	 5.1
505	1956	5	  3.7	  6.6	 20.0	26	  1.4	 -2.7	17	 86.0	 35.8	  7.3	14	1003.3	6.5	NA	 5.4
505	1956	6	  5.9	  8.8	 16.9	22	  2.6	 -2.7	8	 82.0	 13.4	  2.6	3	1014.0	5.5	NA	 3.9
505	1956	7	  8.3	 10.9	 19.8	13	  6.2	  2.5	30	 89.0	 17.1	  3.0	29	1011.9	6.9	NA	 4.2
505	1956	8	  6.6	  9.3	 16.3	31	  3.8	 -2.4	28	 88.0	 23.6	  6.8	3	1014.4	6.4	NA	 2.8
505	1956	9	  6.6	  9.7	 17.4	17	  3.8	  0.0	12	 87.0	 45.0	 11.5	21	1008.9	6.6	NA	 4.6
505	1956	10	  3.0	  6.4	 12.5	31	 -0.1	 -5.1	19	 83.0	 43.7	 14.3	18	1001.0	6.4	NA	 4.9
505	1956	11	  3.3	  6.7	 13.5	17	  0.4	-10.0	26	 80.0	 25.0	  9.6	6	 998.1	5.8	NA	 5.3
505	1956	12	  1.0	  3.5	  7.9	21	 -2.2	-10.8	6	 82.0	 29.4	  6.3	7	 996.6	6.0	NA	 6.6
505	1957	1	  0.9	  3.8	  9.8	17	 -2.6	-12.9	22	 79.0	 28.3	  5.4	29	 990.5	5.8	NA	 7.1
505	1957	2	 -2.0	  0.1	  2.6	7	 -3.9	 -9.8	16	 78.0	 51.3	  5.3	2	1008.0	7.6	NA	 7.1
505	1957	3	 -0.9	  1.4	  9.4	31	 -3.4	 -9.3	4	 80.0	 82.4	 26.6	21	1007.5	6.7	NA	 6.3
505	1957	4	  2.8	  6.5	 11.2	25	 -0.8	 -5.3	11	 80.0	 33.5	  6.5	21	1010.9	5.3	NA	 4.3
505	1957	5	  4.0	  7.2	 16.8	25	  1.7	 -5.6	3	 81.0	 19.4	  4.8	2	1020.1	6.9	NA	 4.7
505	1957	6	  6.0	 10.1	 15.7	17	  3.0	 -2.3	9	 80.0	  7.0	  1.9	4	1018.4	5.6	NA	 4.0
505	1957	7	  7.6	 10.2	 14.6	20	  5.1	  1.7	11	 86.0	 24.7	 13.3	30	1016.0	5.3	NA	 4.1
505	1957	8	  8.7	 11.7	 16.6	3	  5.8	  1.7	19	 86.0	 20.8	  5.1	29	1009.0	6.0	NA	 3.0
505	1957	9	  5.5	  8.1	 14.5	25	  3.5	 -0.6	20	 89.0	 92.2	 18.1	6	1013.0	7.3	NA	 4.0
505	1957	10	  2.8	  6.0	 13.4	7	  0.1	 -5.1	19	 84.0	 79.7	 13.9	23	 992.1	5.9	NA	 5.2
505	1957	11	  1.3	  3.5	  8.9	30	 -1.1	 -7.0	8	 82.0	 58.9	 23.0	25	1010.5	5.7	NA	 4.7
505	1957	12	 -1.3	  1.7	  8.3	2	 -4.8	-11.5	27	 77.0	 37.1	  6.2	19	 997.4	6.0	NA	 5.7
505	1958	1	 -3.0	 -0.2	  8.0	28	 -6.8	-17.4	10	 77.0	106.8	 13.2	21	 999.2	6.0	NA	 5.7
505	1958	2	 -3.5	 -1.1	  5.2	27	 -6.3	-13.1	6	 77.0	 41.7	  6.9	10	1011.3	6.4	NA	 5.8
505	1958	3	 -1.6	  0.9	  5.8	18	 -3.9	 -9.0	4	 80.0	 26.8	  6.1	12	1018.1	5.6	NA	 4.8
505	1958	4	  1.9	  4.4	  9.4	22	 -0.3	 -6.2	5	 85.0	 15.6	  3.1	14	1008.1	6.3	NA	 4.0
505	1958	5	  1.4	  3.8	  8.8	2	 -0.7	 -4.9	6	 80.0	 14.2	  3.1	15	1019.4	5.6	NA	 3.9
505	1958	6	  6.2	  8.6	 11.0	2	  4.0	  0.3	10	 83.0	  9.5	  4.1	17	1018.0	5.5	NA	 4.1
505	1958	7	  7.6	 10.3	 15.7	16	  5.4	  1.6	12	 87.0	 20.3	  9.0	26	1014.7	6.6	NA	 2.8
505	1958	8	  6.8	  8.7	 14.3	31	  5.5	  3.5	7	 94.0	146.8	 34.5	22	1009.2	7.7	NA	 2.8
505	1958	9	  8.8	 12.3	 21.4	11	  6.1	  1.4	22	 88.0	  7.2	  4.6	7	1008.9	6.1	NA	 2.6
505	1958	10	  5.1	  7.4	 12.7	18	  3.1	 -4.6	31	 87.0	 71.8	  8.4	16	1000.0	6.5	NA	 4.9
505	1958	11	  3.1	  6.6	 12.7	10	  0.1	 -4.6	13	 81.0	 42.7	  8.8	2	1002.0	6.0	NA	 4.8
505	1958	12	 -0.3	  2.2	 10.2	2	 -2.8	-10.8	11	 81.0	 90.8	 12.9	11	1005.6	7.0	NA	 7.5
505	1959	1	 -4.2	 -1.3	  7.7	27	 -8.0	-14.4	5	 76.0	 62.1	 15.5	22	1017.3	6.9	NA	 5.2
505	1959	2	  0.7	  4.6	  9.3	18	 -3.3	-18.6	21	 77.0	 55.9	 13.7	14	 998.2	5.8	NA	 6.0
505	1959	3	  1.8	  4.9	 10.0	23	 -1.2	-13.6	7	 79.0	 30.1	  6.7	2	 996.4	5.6	NA	 4.4
505	1959	4	 -0.6	  2.1	  7.7	21	 -2.9	 -8.9	6	 77.0	 31.9	  7.9	6	1009.5	6.6	NA	 6.0
505	1959	5	  5.1	  9.0	 19.7	24	  1.9	 -6.6	5	 83.0	  8.2	  3.1	5	1017.3	6.1	NA	 4.2
505	1959	6	  6.3	  9.3	 17.3	23	  3.8	 -0.3	9	 85.0	 56.5	 15.0	8	1008.9	6.6	NA	 6.3
505	1959	7	  9.0	 11.9	 17.3	16	  6.8	  3.4	9	 86.0	 15.1	 10.7	23	1008.7	6.2	NA	 3.3
505	1959	8	  7.8	 10.7	 18.5	10	  5.7	  2.0	26	 88.0	111.8	 31.1	15	1008.0	7.3	NA	 4.3
505	1959	9	  8.2	 12.0	 17.5	2	  5.0	 -0.6	6	 82.0	 45.7	 10.4	28	1006.4	6.2	NA	 3.7
505	1959	10	  6.1	  9.0	 16.7	6	  3.3	 -1.7	28	 86.0	 60.6	  8.9	22	1000.0	5.5	NA	 3.6
505	1959	11	  0.8	  2.8	  9.3	5	 -1.8	 -9.5	15	 82.0	 63.4	 11.0	9	1003.3	6.5	NA	 6.8
505	1959	12	  1.0	  3.1	  6.7	3	 -1.5	 -8.8	17	 82.0	 30.8	  5.2	14	 993.7	6.6	NA	 5.4
505	1960	1	 -0.1	  2.3	  6.4	8	 -3.0	-14.1	21	 80.0	 29.7	 13.0	21	1012.8	6.0	NA	 4.4
505	1960	2	 -1.8	  0.6	 11.1	7	 -4.3	-13.0	16	 77.0	 38.0	  6.2	28	1012.9	7.1	NA	 7.8
505	1960	3	  1.2	  3.9	 10.5	25	 -1.4	-11.5	2	 83.0	 35.7	  9.4	3	1011.0	5.5	NA	 3.8
505	1960	4	  1.9	  5.0	  9.7	17	 -0.7	 -4.1	15	 82.0	 36.7	  5.6	26	1006.3	5.6	NA	 4.4
505	1960	5	  5.3	  8.9	 16.2	29	  2.5	 -4.6	4	 84.0	 47.9	 24.2	21	1015.1	6.3	NA	 4.4
505	1960	6	  7.8	 10.2	 20.2	24	  5.6	  1.5	14	 85.0	 16.4	  4.5	20	1013.6	6.7	NA	 3.3
505	1960	7	  9.0	 11.2	 18.3	3	  7.2	  1.9	15	 88.0	 44.9	 11.9	30	1009.9	6.9	NA	 4.1
505	1960	8	  8.0	 10.6	 15.1	27	  6.1	  3.1	2	 89.0	 27.8	  6.8	6	1018.0	6.8	NA	 3.7
505	1960	9	  7.4	 10.7	 17.9	10	  4.2	 -1.4	25	 89.0	 45.2	  9.3	23	1006.5	5.8	NA	 3.6
505	1960	10	  3.7	  6.6	 14.8	16	  0.7	 -3.6	26	 86.0	 20.7	  6.4	19	1016.5	5.7	NA	 2.0
505	1960	11	  3.5	  5.3	  8.5	8	  1.7	 -9.6	27	 84.0	 61.1	  7.3	21	1004.4	7.0	NA	 6.2
505	1960	12	  0.2	  2.7	  8.3	13	 -2.9	-12.9	24	 77.0	 34.4	  6.4	26	 996.4	6.0	NA	 6.7
505	1961	1	  0.7	  3.0	  9.0	15	 -1.6	 -9.7	9	 81.0	 35.2	 10.4	29	1002.0	5.9	NA	 4.5
505	1961	2	 -0.4	  2.3	  9.3	23	 -3.5	-13.1	3	 82.0	 46.7	  9.7	9	 996.7	6.1	NA	 4.4
505	1961	3	 -2.0	  1.4	  8.3	1	 -5.1	-15.1	30	 79.0	 79.3	 11.9	26	1002.6	6.6	NA	 6.1
505	1961	4	 -1.4	  1.1	  7.4	28	 -3.8	-16.4	4	 85.0	 71.6	 19.7	15	1011.5	7.2	NA	 6.4
505	1961	5	  5.6	  9.0	 16.2	11	  2.9	 -2.9	25	 86.0	 41.4	  7.5	24	1013.2	6.4	NA	 4.4
505	1961	6	  5.6	  8.4	 14.2	30	  3.3	 -0.5	8	 87.0	 30.6	  8.2	18	1003.0	5.9	NA	 4.8
505	1961	7	  7.9	 10.6	 13.6	30	  5.7	  2.5	5	 90.0	 10.4	  2.4	27	1011.0	6.8	NA	 3.8
505	1961	8	  8.6	 11.0	 14.6	14	  6.7	  2.6	3	 92.0	 71.5	 11.8	27	1004.6	6.8	NA	 4.4
505	1961	9	  7.7	 10.4	 13.9	21	  5.1	  1.3	24	 90.0	 81.4	 22.2	5	 999.2	6.4	NA	 4.7
505	1961	10	  4.9	  7.5	 13.2	13	  2.6	 -3.9	30	 90.0	 81.7	 19.0	12	 999.4	6.7	NA	 4.7
505	1961	11	  1.3	  4.5	 10.6	14	 -1.8	 -8.2	27	 85.0	 63.1	 12.7	24	1001.2	6.3	NA	 5.3
505	1961	12	 -2.8	 -0.2	  6.2	17	 -5.7	-16.0	26	 83.0	 53.9	  6.9	10	1013.3	6.9	NA	 5.2
505	1962	1	  0.2	  2.7	 10.3	28	 -2.4	-12.8	19	 84.0	 48.4	  7.5	9	 990.8	6.6	NA	 6.7
505	1962	2	 -1.8	  1.7	  9.2	23	 -5.1	-11.1	14	 77.0	 48.2	 14.2	4	1007.6	5.7	NA	 6.5
505	1962	3	 -4.2	 -1.7	  5.2	20	 -6.7	-16.9	16	 77.0	 52.7	  7.4	5	1025.9	6.7	NA	 5.9
505	1962	4	  2.0	  5.5	 11.8	24	 -1.1	 -6.6	4	 82.0	 27.4	 13.1	6	1012.1	6.1	NA	 3.7
505	1962	5	  3.8	  7.1	 18.8	26	  1.3	 -2.8	30	 84.0	  9.1	  2.6	4	1017.2	6.3	NA	 4.0
505	1962	6	  6.2	  9.4	 19.5	6	  3.8	  1.4	25	 85.0	 65.8	 32.6	15	1011.1	7.1	NA	 5.2
505	1962	7	  8.5	 11.7	 20.2	28	  6.1	  2.3	4	 85.0	  5.2	  1.9	1	1016.0	6.3	NA	 3.9
505	1962	8	  7.4	  9.4	 16.3	15	  5.9	  1.6	14	 90.0	 55.5	 10.5	8	1009.3	7.4	NA	 3.3
505	1962	9	  6.1	  9.5	 15.7	21	  3.0	 -3.4	17	 84.0	 35.2	  8.3	26	1006.7	6.4	NA	 5.3
505	1962	10	  3.2	  6.3	 14.4	21	  0.8	 -8.8	29	 85.0	 59.7	  9.7	30	1003.8	7.0	NA	 5.1
505	1962	11	 -0.3	  2.5	 10.2	11	 -3.8	-13.7	28	 82.0	 32.4	  5.3	15	1009.1	6.4	NA	 5.1
505	1962	12	 -1.1	  2.0	 10.4	23	 -3.8	-10.5	17	 80.0	 36.7	  7.0	3	1005.8	5.9	NA	 6.3
505	1963	1	 -2.8	  0.1	  7.6	28	 -6.2	-17.6	5	 77.0	 16.8	  6.1	25	1026.3	5.6	NA	 3.6
505	1963	2	 -1.4	  1.3	  6.9	28	 -3.7	-11.6	4	 81.0	 34.7	  8.6	23	1013.9	6.6	NA	 5.2
505	1963	3	  1.9	  4.2	  9.6	3	 -0.1	 -7.5	22	NA	 44.5	 14.3	7	1002.7	6.2	NA	 4.2
505	1963	4	  0.1	  3.5	 12.1	25	 -2.5	-14.3	11	 82.0	 58.7	 14.3	12	1011.5	6.8	NA	 6.1
505	1963	5	  2.6	  5.9	 16.3	30	 -0.0	 -9.5	2	 84.0	 74.8	 11.8	16	1003.0	6.8	NA	 5.3
505	1963	6	  7.7	 10.3	 20.4	4	  5.5	  2.3	2	 87.0	 20.7	 12.3	21	1014.4	6.1	NA	 3.6
505	1963	7	  7.2	 10.7	 19.4	29	  5.1	  0.7	12	 87.0	 90.3	 16.3	22	1011.4	6.9	NA	 5.0
505	1963	8	  6.3	  8.8	 13.2	5	  4.1	 -2.2	31	 89.0	 17.8	  5.8	13	1011.6	6.7	NA	 4.2
505	1963	9	  4.2	  7.4	 12.8	20	  1.6	 -3.9	29	 88.0	132.2	 47.1	9	1000.7	6.2	NA	 5.7
505	1963	10	  3.1	  6.0	 10.1	28	  0.4	 -5.6	12	 87.0	 53.6	 16.2	16	 994.6	6.4	NA	 5.1
505	1963	11	 -1.8	  1.0	  9.1	30	 -4.4	-12.1	24	 80.0	 66.5	 14.6	22	1005.9	6.8	NA	 6.8
505	1963	12	 -0.8	  1.7	  6.6	22	 -3.4	-12.0	20	 83.0	 36.6	 11.0	26	1012.0	6.6	NA	 4.2
505	1964	1	 -0.1	  3.3	  9.1	11	 -3.2	-12.3	31	 78.0	 21.7	  3.9	26	1006.8	5.3	NA	 5.2
505	1964	2	  0.3	  2.8	  7.8	9	 -2.4	-13.1	4	 84.0	 25.1	 16.9	4	1008.4	5.2	NA	 4.0
505	1964	3	  3.1	  6.8	 12.7	28	  0.2	 -8.3	25	 83.0	 17.1	  6.2	6	1008.8	5.3	NA	 3.7
505	1964	4	  1.5	  4.6	 10.6	2	 -1.4	 -5.8	18	 84.0	 79.7	 19.5	29	1011.4	5.9	NA	 4.5
505	1964	5	  4.0	  6.7	 17.3	24	  2.1	 -4.0	14	 89.0	 47.4	  9.2	13	1009.0	6.8	NA	 4.5
505	1964	6	  7.0	 10.1	 19.0	22	  4.5	  1.6	18	 82.0	 31.2	 10.3	15	1010.2	6.0	NA	 5.8
505	1964	7	  9.0	 12.4	 22.0	22	  6.4	  2.5	8	 84.0	 10.3	  3.7	31	1004.0	6.4	NA	 4.6
505	1964	8	  6.4	  9.1	 15.1	31	  4.0	 -0.2	2	 90.0	118.9	 19.1	21	1014.4	7.0	NA	 6.0
505	1964	9	  4.2	  6.6	 18.2	1	  2.0	 -2.3	10	 89.0	 59.2	  8.8	19	1009.6	6.7	NA	 5.8
505	1964	10	  3.3	  6.7	 12.4	3	  0.4	 -9.7	24	 87.0	 76.0	 26.3	9	1003.1	6.1	NA	 4.2
505	1964	11	 -0.3	  2.3	 11.0	3	 -3.4	-13.1	18	 85.0	 86.8	 12.5	19	1003.5	7.2	NA	 7.3
505	1964	12	 -3.1	  0.3	  7.4	19	 -6.4	-14.8	13	 81.0	 91.2	 12.0	11	1001.1	6.8	NA	 7.6
505	1965	1	 -2.2	  0.4	  7.0	26	 -5.2	-19.6	19	 82.0	 96.4	 24.3	15	1002.0	7.1	NA	 8.1
505	1965	2	  0.3	  3.0	  9.0	16	 -2.3	-11.4	28	 81.0	 43.7	 15.1	13	1025.1	5.8	NA	 6.6
505	1965	3	 -6.1	 -2.2	  6.8	11	-10.7	-19.8	25	 79.0	 27.8	  8.1	3	1014.5	5.7	NA	 5.5
505	1965	4	 -1.6	  1.9	  7.5	8	 -4.0	-14.9	19	 84.0	 72.8	 16.6	13	1005.3	6.5	NA	 5.2
505	1965	5	  1.1	  3.4	 12.6	31	 -0.9	 -3.9	6	 90.0	 14.9	  6.0	22	1020.0	6.8	NA	 4.4
505	1965	6	  5.1	  7.8	 15.0	9	  2.8	  0.1	1	 87.0	 29.9	  7.7	26	1009.5	6.1	NA	 5.6
505	1965	7	  7.8	 10.9	 20.8	16	  5.3	  0.6	7	 87.0	 27.7	  6.1	31	1014.8	6.5	NA	 4.1
505	1965	8	  7.5	 10.2	 16.7	23	  5.7	  0.8	26	 91.0	 80.1	 21.6	29	1005.7	7.2	NA	 4.5
505	1965	9	  3.8	  6.2	 18.3	1	  1.8	 -2.4	14	 93.0	110.5	 19.6	16	1008.4	7.4	NA	 4.8
505	1965	10	  5.6	  8.8	 17.2	20	  2.4	 -7.6	30	 86.0	 71.0	 14.9	27	1004.8	6.7	NA	 5.2
505	1965	11	 -1.3	  1.2	 12.3	4	 -3.5	-11.9	22	 82.0	 46.4	 10.2	28	1018.9	6.8	NA	 5.7
505	1965	12	 -3.4	 -0.8	  7.0	16	 -6.4	-17.9	28	 81.0	 49.8	  9.9	4	1002.0	6.7	NA	 5.0
505	1966	1	 -3.8	 -0.9	  8.3	7	 -6.4	-18.1	4	 80.0	137.3	 35.4	30	1013.5	6.4	NA	 8.1
505	1966	2	 -3.6	 -1.1	  1.4	14	 -6.0	-13.4	12	 81.0	 35.7	  6.7	20	1012.6	6.3	NA	 5.8
505	1966	3	 -3.6	 -0.7	  6.5	18	 -6.2	-15.2	25	 83.0	127.4	 42.3	11	1007.3	7.1	NA	 6.7
505	1966	4	  1.0	  3.2	  6.3	26	 -1.2	-13.4	2	 86.0	 45.9	 17.6	28	1011.8	6.2	NA	 5.2
505	1966	5	  2.5	  5.0	 12.0	14	  0.2	 -7.9	9	 88.0	 38.9	  8.5	12	1010.7	7.1	NA	 4.1
505	1966	6	  8.3	 11.6	 19.7	12	  5.8	  2.3	1	 87.0	 32.7	 11.7	21	1009.2	6.6	NA	 3.8
505	1966	7	  7.8	 10.8	 21.9	17	  5.9	  1.3	26	 90.0	 77.6	 21.0	25	1008.7	7.2	NA	 4.5
505	1966	8	  7.5	 10.5	 20.4	25	  4.7	 -0.6	22	 90.0	 64.3	 16.3	4	1015.6	6.5	NA	 3.6
505	1966	9	  5.4	  8.3	 14.5	18	  2.7	 -2.3	15	 89.0	 54.2	  7.9	8	1009.7	6.8	NA	 5.0
505	1966	10	  1.5	  4.2	  9.2	10	 -0.7	 -6.8	24	 87.0	 53.2	  8.6	22	1013.5	7.1	NA	 4.4
505	1966	11	 -1.5	  2.1	 10.2	18	 -5.3	-10.9	5	 82.0	122.2	 31.3	14	1004.4	7.1	NA	 6.7
505	1966	12	 -2.4	  0.4	  6.0	4	 -5.2	-13.9	25	 82.0	129.0	 13.3	29	 994.2	7.3	NA	 6.4
505	1967	1	 -1.4	  1.3	  6.0	14	 -4.4	-13.1	8	 81.0	 42.7	 14.4	1	1014.1	6.5	NA	 6.2
505	1967	2	 -0.1	  2.5	  7.7	11	 -2.1	 -9.6	6	 81.0	 45.7	  9.2	25	 994.5	6.6	NA	 6.5
505	1967	3	 -6.0	 -2.8	  5.0	18	 -9.2	-18.1	24	 75.0	141.3	 14.9	1	 997.3	7.2	NA	 7.9
505	1967	4	 -1.7	  1.6	  7.4	14	 -4.7	-16.3	22	 79.0	 52.7	  9.9	17	1008.9	6.3	NA	 6.0
505	1967	5	  0.1	  2.3	 11.6	30	 -1.7	 -7.3	2	 87.0	 31.2	  9.8	26	1017.8	6.8	NA	 3.7
505	1967	6	  5.7	  8.8	 18.5	17	  3.0	  0.2	1	 85.0	 51.5	 18.9	29	1007.6	6.3	NA	 4.2
505	1967	7	  5.8	  7.8	 16.9	13	  4.2	  1.5	29	 91.0	108.7	 27.4	9	1008.8	7.4	NA	 4.1
505	1967	8	  7.5	 10.3	 16.5	26	  5.2	  0.7	6	 87.0	 24.2	  7.8	19	1009.7	6.4	NA	 3.4
505	1967	9	  7.1	 10.3	 16.4	12	  4.2	 -2.5	6	 85.0	 22.9	  7.8	19	1005.4	5.8	NA	 3.5
505	1967	10	  1.4	  3.7	 10.7	8	 -0.5	 -9.6	17	 88.0	145.5	 20.1	27	 998.2	7.4	NA	 6.8
505	1967	11	 -0.9	  2.1	 11.3	18	 -4.4	-16.8	29	 79.0	 41.9	 10.3	28	1002.7	6.6	NA	 6.9
505	1967	12	 -2.8	  0.1	  7.2	2	 -6.0	-13.2	8	 80.0	135.9	 15.4	24	1006.9	7.1	NA	 7.5
505	1968	1	 -4.3	 -0.7	  4.5	18	 -7.5	-17.8	2	 78.0	136.3	 21.1	27	1003.2	7.3	NA	 8.1
505	1968	2	 -4.7	 -1.3	 11.0	28	 -8.4	-17.8	15	 76.0	 65.3	 11.4	4	1010.1	6.7	NA	 6.1
505	1968	3	 -6.0	 -2.3	  6.2	7	 -9.3	-20.2	25	 75.0	106.7	 10.0	17	1002.7	7.3	NA	 7.8
505	1968	4	 -2.8	  0.7	  9.0	14	 -6.0	-21.8	7	 77.0	 25.6	  5.7	28	1015.7	6.0	NA	 4.6
505	1968	5	  0.1	  3.8	 14.7	27	 -3.8	-16.0	1	 79.0	 14.1	  5.8	12	1022.4	4.9	NA	 3.3
505	1968	6	  4.8	  7.8	 19.6	11	  2.4	 -1.0	7	 87.0	 44.6	 11.2	5	1010.0	6.6	NA	 4.3
505	1968	7	  8.3	 11.8	 18.9	28	  5.2	  0.5	12	 89.0	 29.8	  9.3	1	1019.2	6.4	NA	 3.3
505	1968	8	  8.5	 11.9	 19.3	3	  6.1	  0.6	14	 87.0	 51.2	 16.6	31	1012.4	6.1	NA	 4.5
505	1968	9	  5.8	  8.4	 13.5	5	  4.2	 -1.8	30	 94.0	 50.6	 10.2	29	1010.5	7.2	NA	 4.4
505	1968	10	  0.5	  2.2	  6.2	19	 -1.2	 -9.8	30	 87.0	 69.4	 11.4	28	1015.1	7.1	NA	 5.7
505	1968	11	  2.3	  4.4	 11.1	18	 -0.1	-13.9	2	 85.0	 49.8	 11.2	4	1008.7	6.1	NA	 5.7
505	1968	12	 -2.2	  0.7	  8.9	7	 -5.0	-12.7	18	 80.0	 54.8	  7.1	21	1009.1	6.5	NA	 4.9
505	1969	1	 -3.5	 -1.5	  3.3	1	 -5.5	-17.1	15	 82.0	109.4	 12.0	25	1013.2	7.8	NA	 8.0
505	1969	2	 -5.9	 -3.0	  6.8	28	 -9.5	-20.4	20	 75.0	 58.7	 15.3	6	1015.9	6.2	NA	 6.9
505	1969	3	 -5.3	 -1.8	  7.7	16	 -8.2	-24.6	10	 75.0	 37.3	  6.2	6	1015.1	6.8	NA	 5.9
505	1969	4	 -1.9	  1.0	  9.5	19	 -4.9	-13.8	4	 79.0	 34.6	  6.2	15	1010.8	6.4	NA	 6.7
505	1969	5	  1.8	  4.5	 16.7	26	 -0.4	 -5.5	13	 85.0	  3.4	  1.3	1	1020.3	6.5	NA	 4.0
505	1969	6	  6.1	  9.2	 16.2	4	  3.9	 -1.9	2	 91.0	 41.8	 11.1	14	1009.3	6.8	NA	 4.0
505	1969	7	  6.7	  9.6	 17.6	26	  4.6	  0.2	6	 92.0	 74.9	 16.9	21	1005.0	7.0	NA	 5.8
505	1969	8	  9.1	 12.6	 19.4	3	  6.8	  2.8	22	 88.0	 47.3	  6.3	22	1010.5	6.6	NA	 3.8
505	1969	9	  4.9	  8.0	 14.9	18	  2.5	 -4.6	28	 88.0	 50.0	  6.4	24	1004.3	6.7	NA	 5.7
505	1969	10	  2.0	  4.4	  9.7	18	 -0.5	 -9.5	30	 87.0	145.9	 19.2	7	 998.9	6.7	NA	 6.4
505	1969	11	 -3.5	 -0.7	  4.5	29	 -6.7	-13.5	14	 78.0	 73.3	  8.4	7	1003.7	6.7	NA	 8.7
505	1969	12	 -1.5	  1.1	  7.0	27	 -4.6	-16.9	11	 81.0	 48.2	  7.1	7	1003.4	6.8	NA	 6.8
505	1970	1	 -0.8	  1.0	  7.8	21	 -2.7	-21.3	9	 83.0	 99.4	 19.3	13	1002.9	6.9	NA	 8.5
505	1970	2	 -3.3	 -1.1	  3.4	27	 -6.2	-14.8	15	 79.0	 77.8	 14.5	2	1006.7	6.9	NA	 9.4
505	1970	3	 -5.5	 -2.9	  5.0	24	 -8.4	-13.8	22	 75.0	 62.3	 11.0	17	1012.9	7.1	NA	 9.1
505	1970	4	 -1.6	  0.8	  7.2	30	 -4.2	-11.0	10	 81.0	 56.2	 11.5	15	1010.6	7.0	NA	 5.9
505	1970	5	  2.2	  4.8	 12.6	27	  0.4	 -3.9	2	 90.0	 24.5	  9.2	2	1009.0	7.0	NA	 4.0
505	1970	6	  8.1	 11.7	 20.2	17	  4.7	 -0.4	1	 86.0	 10.3	  2.6	25	1011.7	5.9	NA	 4.7
505	1970	7	  5.7	  8.1	 19.7	16	  3.5	 -0.7	3	 93.0	 68.7	 21.6	10	1008.2	7.2	NA	 5.2
505	1970	8	  7.4	 10.4	 19.1	7	  5.3	  1.5	10	 91.0	 35.9	  8.4	13	1009.9	6.6	NA	 5.2
505	1970	9	  5.4	  7.7	 14.0	27	  3.4	 -1.8	20	 89.0	117.1	 41.3	2	1006.8	6.8	NA	 6.0
505	1970	10	  2.0	  4.5	 11.7	13	 -0.3	-10.2	29	 87.0	 89.2	 16.7	18	1007.9	6.9	NA	 6.8
505	1970	11	 -0.0	  1.9	  9.5	27	 -2.2	 -8.3	26	 84.0	109.0	 19.9	20	1005.7	7.4	NA	 6.4
505	1970	12	 -0.2	  3.1	 10.6	7	 -3.1	-10.0	20	 81.0	 56.5	 10.6	11	1011.3	6.4	NA	 7.3
505	1971	1	 -5.3	 -2.8	  7.3	13	 -8.3	-19.5	30	 77.0	 64.9	  9.3	20	1004.0	6.9	NA	 8.1
505	1971	2	 -1.6	  1.6	  7.1	8	 -4.7	-13.1	22	 80.0	 69.9	 14.7	14	 998.2	7.1	NA	 7.8
505	1971	3	 -2.1	  0.4	  6.1	6	 -4.3	-12.6	9	 82.0	 92.3	 13.5	22	1011.7	7.3	NA	 7.1
505	1971	4	 -0.5	  2.4	  7.0	13	 -2.9	-12.0	16	 81.0	 40.9	  5.7	18	1014.5	7.0	NA	 6.5
505	1971	5	  3.4	  6.0	 14.2	31	  1.4	 -1.8	16	 89.0	 20.6	  6.8	26	1008.0	7.0	NA	 4.7
505	1971	6	  5.6	  8.1	 13.8	3	  3.2	 -0.4	21	 86.0	 43.4	 21.2	30	1019.8	5.4	NA	 4.9
505	1971	7	  7.6	 10.8	 18.2	30	  5.1	  1.3	17	 87.0	 48.4	 22.3	9	1013.8	6.5	NA	 5.1
505	1971	8	  7.6	 11.0	 19.8	22	  5.0	  1.3	31	 85.0	 65.8	 33.0	27	1004.9	6.4	NA	 6.8
505	1971	9	  5.2	  8.2	 16.0	14	  2.6	 -5.5	23	 87.0	 77.3	 21.7	21	1009.6	7.1	NA	 5.7
505	1971	10	  2.4	  4.8	 14.1	5	 -0.1	 -8.7	14	 85.0	 72.3	  8.6	7	1004.3	6.9	NA	 6.5
505	1971	11	 -2.1	  0.7	 10.7	10	 -4.8	-14.6	19	 81.0	129.9	 15.2	16	1006.7	7.2	NA	 8.3
505	1971	12	 -2.8	  0.3	  6.7	31	 -5.9	-12.5	8	 78.0	 92.1	 16.1	15	 998.6	6.5	NA	 7.9
505	1972	1	  1.5	  3.3	  8.7	29	 -0.2	-10.1	27	 82.0	 52.1	 14.3	24	 998.6	6.0	NA	 8.1
505	1972	2	  0.4	  2.6	  9.1	23	 -2.2	-17.6	16	 84.0	 44.0	 10.2	5	1003.0	6.7	NA	 6.6
505	1972	3	  0.5	  3.1	 10.0	10	 -1.7	-11.2	22	 82.0	 51.8	  8.6	19	1001.3	6.9	NA	 7.3
505	1972	4	  0.5	  3.8	 16.2	24	 -1.8	-10.0	9	 83.0	 54.5	 19.7	2	1009.2	7.2	NA	 7.1
505	1972	5	  4.8	  7.1	 12.0	21	  2.5	 -3.4	1	 87.0	 40.8	 14.2	25	1013.6	6.7	NA	 6.6
505	1972	6	  6.3	  8.4	 15.9	13	  4.7	  1.8	19	 89.0	 69.0	 12.9	3	1004.4	6.7	NA	 6.3
505	1972	7	  9.2	 11.8	 21.5	27	  7.3	  4.4	21	 86.0	 21.5	  6.3	3	1008.7	6.9	NA	 4.9
505	1972	8	  8.1	 11.0	 18.7	28	  5.4	  1.9	31	 86.0	 74.4	 21.3	5	1008.5	6.8	NA	 6.1
505	1972	9	  6.2	  9.6	 19.7	17	  3.5	 -1.1	13	 88.0	 71.2	 15.7	30	1012.3	6.5	NA	 5.4
505	1972	10	  2.7	  5.8	 13.1	12	 -0.1	 -8.0	11	 83.0	100.6	 37.4	28	1006.5	6.1	NA	 5.9
505	1972	11	 -0.7	  1.5	  6.7	26	 -2.7	-11.3	22	 82.0	 91.2	 12.4	8	1000.2	7.1	NA	 8.9
505	1972	12	  0.1	  2.7	  8.9	19	 -2.1	 -9.7	11	 83.0	 98.5	 11.3	8	 991.6	6.5	NA	 7.9
505	1973	1	  1.1	  3.6	  8.9	10	 -1.9	 -8.0	3	 83.0	 41.9	  9.2	15	 999.9	6.0	NA	 6.3
505	1973	2	 -5.5	 -1.9	  4.2	1	 -8.7	-17.8	25	 77.0	138.1	 17.0	12	 998.6	6.8	NA	 9.1
505	1973	3	 -0.6	  2.4	  8.1	8	 -3.8	-12.9	25	 82.0	 50.5	  7.1	19	1001.2	6.8	NA	 6.2
505	1973	4	 -0.5	  2.2	 11.2	23	 -3.0	-16.2	2	 84.0	 51.7	 10.5	5	1018.7	7.0	NA	 7.1
505	1973	5	  2.7	  5.8	 14.2	16	 -0.2	 -5.5	14	 79.0	 27.5	  7.5	12	1015.2	5.7	NA	 6.3
505	1973	6	  5.1	  7.8	 13.2	7	  3.0	 -1.8	10	 85.0	 28.7	  9.8	3	1006.7	7.0	NA	 5.8
505	1973	7	  8.2	 11.5	 19.8	27	  5.6	  2.2	8	 85.0	 19.4	  7.8	1	1010.6	5.7	NA	 4.4
505	1973	8	  8.2	 11.2	 16.9	13	  5.4	  1.7	22	 87.0	115.0	 33.3	6	1008.1	6.2	NA	 5.6
505	1973	9	  6.9	  9.5	 16.1	13	  4.1	 -0.8	23	 87.0	 83.0	 18.7	8	1008.4	6.4	NA	 4.5
505	1973	10	  2.4	  5.5	 15.9	2	 -0.6	-11.2	19	 82.0	 41.4	 10.5	8	1011.9	6.2	NA	 5.9
505	1973	11	 -4.8	 -1.9	  5.2	7	 -8.3	-17.9	23	 79.0	141.1	 20.1	8	1012.7	7.0	NA	 7.9
505	1973	12	 -5.8	 -2.2	  8.0	2	 -9.2	-17.9	14	 77.0	168.6	 39.2	16	1005.0	7.3	NA	 9.0
505	1974	1	  0.4	  2.4	  6.1	7	 -1.6	 -5.8	17	 85.0	 96.7	 14.3	2	 983.4	6.5	NA	 7.7
505	1974	2	 -1.6	  0.9	  8.9	26	 -3.9	-15.8	17	 81.0	100.0	 18.9	10	1000.6	6.8	NA	 8.8
505	1974	3	  2.0	  4.5	  9.9	31	 -0.3	 -6.8	3	 79.0	  5.8	  1.3	18	1008.7	5.4	NA	 6.4
505	1974	4	  4.5	  9.2	 17.0	24	  1.0	 -6.0	8	 77.0	 21.8	  9.0	8	1015.7	5.6	NA	 6.0
505	1974	5	  4.7	  7.5	 16.3	24	  2.7	 -1.6	27	 86.0	 19.0	  9.1	11	1014.2	6.5	NA	 6.6
505	1974	6	  7.3	 10.1	 20.2	13	  5.4	  1.6	8	 85.0	 33.1	  9.4	19	1009.6	6.6	NA	 6.1
505	1974	7	  7.6	 10.2	 20.7	18	  5.4	  0.5	14	 87.0	 55.2	 19.0	31	1007.9	6.7	NA	 6.7
505	1974	8	  7.1	  9.2	 15.4	8	  5.4	 -0.2	27	 87.0	 71.4	 25.5	21	1010.9	6.7	NA	 6.1
505	1974	9	  4.5	  6.8	 12.5	12	  2.8	 -4.7	30	 87.0	107.5	 19.6	5	1004.1	6.8	NA	 7.6
505	1974	10	  2.4	  5.8	 13.3	23	 -0.4	 -6.2	28	 84.0	 56.6	 12.9	27	1011.9	5.4	NA	 4.8
505	1974	11	  1.5	  3.1	  9.3	5	 -0.3	 -7.9	22	 86.0	 79.2	  8.8	11	1002.2	6.2	NA	 6.4
505	1974	12	 -3.9	 -1.1	  5.6	30	 -6.9	-15.6	22	 78.0	121.6	 15.0	28	 994.5	6.6	NA	 9.5
505	1975	1	 -4.3	 -1.5	  4.4	1	 -7.4	-16.6	10	 77.0	 73.0	 14.9	5	 993.9	6.5	NA	 8.9
505	1975	2	  0.0	  2.3	  7.5	3	 -2.3	-13.9	14	 79.0	 20.3	  6.1	22	1005.7	5.8	NA	 5.9
505	1975	3	 -2.8	  0.1	  6.2	11	 -5.5	-14.2	5	 77.0	 53.5	 10.0	7	1009.4	6.6	NA	 7.7
505	1975	4	 -1.0	  1.8	  9.5	22	 -3.5	-14.1	11	 82.0	 31.4	  6.7	30	1014.5	6.4	NA	 6.8
505	1975	5	  3.7	  7.4	 13.9	26	  0.3	-10.0	12	 79.0	 14.8	  5.3	1	1020.8	5.6	NA	 5.3
505	1975	6	  4.5	  7.9	 19.8	10	  2.0	 -3.7	2	 82.0	 53.8	 11.7	8	1015.2	6.7	NA	 5.1
505	1975	7	  8.8	 12.1	 19.7	4	  5.9	  0.4	30	 86.0	 30.7	  7.4	23	1007.0	5.8	NA	 4.5
505	1975	8	  8.8	 12.6	 18.6	7	  6.0	  0.2	22	 88.0	  5.6	  1.5	31	1010.8	6.2	NA	 4.5
505	1975	9	  3.3	  6.1	 11.6	15	  0.6	 -5.8	30	 83.0	 61.4	 10.5	8	1002.4	6.4	NA	 5.7
505	1975	10	  3.6	  6.3	 14.2	11	  1.0	 -5.8	30	 87.0	 74.0	 15.5	2	1009.3	6.3	NA	 4.5
505	1975	11	  0.7	  3.6	 14.8	7	 -1.7	-10.9	26	 80.0	 51.1	  8.9	23	1000.9	6.6	NA	 6.6
505	1975	12	 -3.6	  0.6	  7.2	19	 -7.4	-16.0	29	 78.0	 98.1	 12.0	5	1002.1	6.8	NA	 8.9
505	1976	1	 -4.2	 -1.7	  4.9	31	 -7.3	-19.6	1	 76.0	 69.1	  8.7	7	1001.5	6.4	NA	 8.8
505	1976	2	 -1.2	  2.3	  7.3	7	 -3.8	-12.0	12	 77.0	 18.6	  2.8	24	 994.9	5.7	NA	 7.7
505	1976	3	  0.6	  3.1	  9.0	23	 -1.6	-12.6	1	 78.0	 21.0	  3.9	1	 997.8	5.7	NA	 8.1
505	1976	4	  0.3	  3.4	 16.3	21	 -2.6	-12.9	2	 80.0	 37.0	  4.6	6	1011.9	6.3	NA	 7.0
505	1976	5	  2.6	  5.5	 15.8	25	  0.6	-10.6	5	 86.0	 29.2	  5.0	15	1007.4	6.9	NA	 6.1
505	1976	6	  6.6	  9.6	 18.0	25	  4.3	  1.8	1	 88.0	 41.9	 13.7	14	1008.4	6.1	NA	 5.0
505	1976	7	  9.6	 13.1	 20.7	15	  7.1	  3.6	3	 87.0	 43.8	 13.8	29	1011.9	6.6	NA	 5.3
505	1976	8	 10.5	 15.0	 24.7	28	  7.0	  0.2	30	 79.0	 50.5	 15.6	15	1008.6	5.7	NA	 4.6
505	1976	9	  6.4	  9.8	 17.8	14	  2.8	 -3.0	9	 86.0	  7.1	  3.8	6	1017.8	5.3	NA	 3.8
505	1976	10	  5.2	  7.0	 12.0	1	  2.8	 -2.9	11	 90.0	104.9	 33.1	13	 999.4	6.6	NA	 6.1
505	1976	11	  1.4	  3.4	 11.6	19	 -0.8	-11.8	22	 84.0	 82.9	 15.3	2	1001.6	7.0	NA	 8.5
505	1976	12	 -2.6	 -0.2	  7.3	12	 -4.8	-11.7	31	 80.0	 54.1	  7.0	2	1012.7	6.0	NA	 7.6
505	1977	1	 -1.9	  0.1	  9.0	3	 -4.4	-18.5	1	 80.0	 78.8	  8.1	22	1012.0	7.2	NA	 9.0
505	1977	2	 -1.0	  1.0	  3.4	18	 -3.3	-11.9	9	 81.0	 33.1	 16.0	5	1009.7	6.1	NA	 5.7
505	1977	3	 -0.7	  1.3	  5.0	22	 -2.5	-12.5	27	 84.0	 71.1	 14.0	16	1008.0	7.1	NA	 5.1
505	1977	4	 -1.6	  0.5	  6.8	9	 -4.3	-15.0	17	 80.0	 66.7	 26.0	12	1010.8	6.8	NA	 6.1
505	1977	5	  4.2	  7.2	 16.0	23	  1.0	 -6.0	1	 77.0	  4.2	  2.1	23	1020.7	5.9	NA	 3.0
505	1977	6	  6.7	  9.5	 15.9	1	  4.7	 -1.5	5	 84.0	 22.1	  6.1	26	1014.2	6.9	NA	 4.8
505	1977	7	  7.9	 10.2	 17.2	16	  6.1	  3.2	6	 91.0	 41.3	 12.0	4	1012.9	7.3	NA	 3.9
505	1977	8	  7.5	 10.3	 18.9	12	  5.5	  0.3	31	 90.0	 63.6	 10.3	1	1013.9	6.4	NA	 5.0
505	1977	9	  5.9	  9.5	 17.6	19	  2.4	 -4.8	10	 82.0	 59.3	 26.3	27	1008.0	5.3	NA	 4.4
505	1977	10	  3.1	  5.1	 11.0	15	  1.3	 -4.6	7	 90.0	122.4	 19.8	13	1000.1	7.0	NA	 4.8
505	1977	11	 -2.2	 -0.0	  7.0	29	 -5.0	-14.9	25	 81.0	106.1	 14.5	14	1002.1	7.4	NA	 6.9
505	1977	12	 -0.8	  2.2	  8.3	5	 -3.3	-14.8	19	 82.0	 53.6	  9.6	30	1002.1	6.6	NA	 5.4
505	1978	1	 -3.2	 -0.7	  5.8	14	 -6.6	-17.8	29	 81.0	 45.5	  9.3	5	1001.2	6.6	NA	 7.5
505	1978	2	 -3.3	 -1.2	  3.1	6	 -5.3	-13.8	17	 79.0	 59.9	  7.5	18	1014.7	7.1	NA	 6.1
505	1978	3	 -1.2	  1.0	  6.7	18	 -3.4	-14.3	5	 82.0	 66.0	 10.6	2	 997.4	7.2	NA	 6.7
505	1978	4	  0.8	  3.6	  9.0	6	 -1.8	-10.4	10	 81.0	  9.4	  3.4	9	1020.3	5.5	NA	 4.7
505	1978	5	  4.9	  8.4	 14.0	7	  2.1	 -6.8	4	 82.0	 12.4	  3.1	23	1012.0	6.0	NA	 5.1
505	1978	6	  6.1	  9.2	 19.0	13	  3.5	 -0.3	3	 87.0	 34.5	 17.9	8	1010.5	6.5	NA	 5.8
505	1978	7	  7.7	 10.0	 16.4	10	  5.9	  1.6	14	 91.0	 73.6	 20.5	1	1014.2	7.1	NA	 4.6
505	1978	8	  9.3	 11.8	 16.0	12	  7.0	  1.4	25	 91.0	 43.2	 22.3	28	1012.1	6.4	NA	 4.0
505	1978	9	  5.5	  7.6	 11.6	23	  3.7	 -3.8	18	 91.0	 64.3	 10.6	14	1006.9	7.0	NA	 5.8
505	1978	10	  2.7	  5.5	 10.9	11	  0.3	 -3.9	20	 86.0	 59.0	 10.4	2	1002.2	6.4	NA	 6.3
505	1978	11	 -0.9	  1.8	  9.8	29	 -4.0	-14.7	27	 81.0	 74.3	 20.0	20	 994.1	6.7	NA	 6.2
505	1978	12	  0.6	  2.2	  7.1	18	 -1.8	-11.8	21	 84.0	 24.0	  8.0	30	1011.6	7.3	NA	 6.3
505	1979	1	 -5.6	 -2.5	  3.2	18	 -8.7	-20.0	12	 77.0	 76.3	  7.9	16	1011.5	6.7	NA	 8.3
505	1979	2	 -2.8	  0.1	  6.5	24	 -6.0	-17.8	7	 79.0	 31.7	  8.1	1	1005.3	6.3	NA	 6.3
505	1979	3	 -6.9	 -3.8	  3.3	18	-10.0	-17.5	24	 75.0	 67.0	 12.9	20	1001.5	6.2	NA	 7.1
505	1979	4	 -1.6	  0.6	  5.0	18	 -3.5	-10.8	15	 83.0	 52.6	 10.4	21	1017.8	7.2	NA	 5.0
505	1979	5	 -1.9	 -0.1	  8.2	31	 -3.9	-11.5	19	 81.0	 50.1	  6.5	1	1016.7	7.1	NA	 5.9
505	1979	6	  5.9	  9.4	 14.0	3	  3.3	 -0.6	15	 87.0	 39.2	 16.2	23	1008.3	6.9	NA	 4.5
505	1979	7	  5.6	  7.8	 12.1	6	  3.8	  1.2	3	 93.0	 56.7	 12.6	17	1009.7	7.3	NA	 4.5
505	1979	8	  6.3	  8.7	 13.6	11	  4.3	  1.0	30	 92.0	 54.5	 21.0	8	1009.3	7.0	NA	 4.3
505	1979	9	  2.5	  4.5	  8.0	23	  0.6	 -4.8	29	 88.0	141.6	 36.2	16	1004.8	6.8	NA	 5.4
505	1979	10	  3.0	  5.1	 10.8	22	  0.9	 -8.3	21	 86.0	 48.9	 17.1	19	1004.5	6.4	NA	 5.1
505	1979	11	 -0.2	  1.5	  6.0	20	 -2.0	 -9.8	11	 84.0	 77.1	 14.9	3	 997.7	7.3	NA	 6.4
505	1979	12	 -0.8	  1.7	  9.7	20	 -3.0	-14.7	7	 81.0	 47.4	  7.9	14	 993.8	6.1	NA	 6.4
505	1980	1	 -1.9	  0.3	  8.2	12	 -4.5	-14.5	1	 80.0	 35.5	  7.7	18	1011.7	6.2	NA	 5.9
505	1980	2	 -0.7	  1.6	  9.0	23	 -3.7	-18.0	4	 80.0	 50.7	 10.2	27	1004.4	6.4	NA	 6.6
505	1980	3	 -0.8	  1.6	  6.7	15	 -3.4	-14.8	2	 81.0	 40.2	 11.3	28	1008.0	6.2	NA	 5.4
505	1980	4	  2.0	  6.0	 14.9	30	 -1.0	 -9.8	3	 76.0	 29.9	  5.1	4	1007.5	6.1	NA	 6.0
505	1980	5	  5.5	  9.2	 20.8	18	  2.4	 -5.2	7	 80.0	 17.5	  6.1	11	1020.0	5.7	NA	 5.2
505	1980	6	  6.8	  9.2	 14.0	12	  4.4	  1.5	1	 89.0	 95.7	 28.7	21	1011.2	6.3	NA	 4.0
505	1980	7	  8.0	 10.6	 16.8	31	  6.1	  3.2	1	 90.0	 42.2	 12.5	25	1013.8	6.5	NA	 4.3
505	1980	8	  8.9	 11.6	 19.8	10	  6.5	  0.2	26	 86.0	 19.2	  6.8	15	1011.8	5.9	NA	 4.3
505	1980	9	  6.2	  8.8	 14.2	2	  3.9	 -0.5	15	 87.0	 53.3	 11.7	6	1003.8	6.5	NA	 4.4
505	1980	10	  0.9	  2.9	 10.0	31	 -1.5	-10.1	21	 81.0	 45.7	  5.7	14	1010.7	7.1	NA	 6.5
505	1980	11	 -1.1	  1.9	 10.0	1	 -4.0	-15.5	24	 78.0	 43.6	  9.3	16	1013.1	6.1	NA	 7.2
505	1980	12	 -3.6	 -0.8	  5.9	4	 -6.2	-12.2	19	 77.0	 86.6	 10.9	28	 999.3	7.4	NA	 8.5
505	1981	1	 -4.7	 -1.5	  7.1	27	 -8.8	-19.7	16	 76.0	 81.1	 12.2	4	1004.1	6.7	NA	 8.2
505	1981	2	 -4.2	 -0.5	  6.2	26	 -7.5	-21.2	5	 78.0	 42.6	 11.1	12	 998.9	5.6	NA	 7.4
505	1981	3	 -3.0	 -1.1	  8.0	31	 -4.9	-10.7	20	 82.0	136.5	 21.0	18	1006.7	7.2	NA	 8.7
505	1981	4	  0.5	  4.3	 10.0	18	 -2.4	 -9.8	24	 78.0	 12.2	  2.7	29	1018.3	5.1	NA	 5.1
505	1981	5	  1.9	  4.8	 14.0	19	 -0.8	-11.8	9	 86.0	 14.7	  4.6	24	1014.0	6.7	NA	 4.7
505	1981	6	  4.8	  7.2	 12.1	21	  2.1	 -2.2	9	 85.0	 44.7	 14.8	15	1014.8	6.2	NA	 4.1
505	1981	7	  7.0	  9.6	 18.1	23	  4.8	 -0.5	5	 90.0	 48.2	 10.1	16	1008.4	6.9	NA	 4.8
505	1981	8	  8.7	 12.0	 18.9	31	  5.7	 -0.9	20	 87.0	 52.8	 11.4	24	1007.8	6.5	NA	 4.2
505	1981	9	  5.1	  7.2	 21.7	1	  3.2	 -3.0	29	 90.0	107.0	 30.1	11	1007.0	7.3	NA	 6.2
505	1981	10	 -0.4	  1.2	  5.0	22	 -2.4	 -8.2	16	 84.0	 98.0	 17.6	27	1007.5	7.4	NA	 7.8
505	1981	11	 -1.8	  1.0	  9.0	8	 -4.4	-11.7	26	 80.0	 60.5	  8.6	24	1006.4	6.7	NA	 7.0
505	1981	12	 -3.1	 -1.1	  7.8	2	 -5.5	-15.6	22	 80.0	 79.3	 13.5	9	1010.2	7.3	NA	 8.6
505	1982	1	 -3.1	 -0.4	  6.2	12	 -6.2	-15.8	8	 79.0	 94.9	 15.2	14	1008.8	6.9	NA	 6.6
505	1982	2	  0.2	  2.0	  7.1	17	 -1.9	-11.0	16	 85.0	 58.6	 18.6	25	 991.5	6.5	NA	 6.8
505	1982	3	 -1.2	  1.5	  8.5	24	 -4.2	-11.7	3	 79.0	 54.0	 12.3	15	 996.3	6.2	NA	 7.0
505	1982	4	  0.5	  3.7	 10.0	18	 -2.1	-10.0	7	 78.0	 16.9	  3.4	30	1008.2	6.5	NA	 5.2
505	1982	5	  0.9	  2.8	 10.6	10	 -0.7	 -8.3	5	 86.0	 46.8	  8.1	30	1015.6	7.1	NA	 6.0
505	1982	6	  5.3	  9.1	 15.2	3	  2.6	 -0.7	17	 84.0	  5.6	  4.8	1	1018.9	5.5	NA	 5.0
505	1982	7	  8.8	 12.7	 22.8	26	  6.1	  1.6	12	 85.0	 26.3	  6.9	15	1009.6	6.4	NA	 4.9
505	1982	8	  7.1	  9.6	 15.9	7	  5.2	 -0.3	28	 89.0	 81.9	 25.6	10	1006.3	7.0	NA	 5.2
505	1982	9	  4.2	  6.7	 12.1	12	  2.0	 -4.6	22	 83.0	 65.0	 24.3	27	1002.5	6.7	NA	 6.1
505	1982	10	  3.7	  5.6	  9.0	3	  1.8	 -2.3	26	 89.0	137.3	 21.8	18	1000.5	6.8	NA	 5.6
505	1982	11	 -1.1	  1.2	  8.1	5	 -3.7	-13.0	27	 80.0	 93.5	 17.9	17	 994.6	6.4	NA	 6.9
505	1982	12	 -2.5	  0.3	  9.0	29	 -5.9	-14.0	18	 78.0	 92.1	 37.2	26	 994.3	6.7	NA	 7.8
505	1983	1	 -3.5	 -0.9	  6.4	23	 -6.4	-12.7	28	 76.0	146.7	 29.1	10	 985.3	6.5	NA	 8.1
505	1983	2	 -0.7	  2.4	  7.9	26	 -3.9	-15.5	3	 77.0	 45.6	 17.3	5	1012.6	6.4	NA	 7.1
505	1983	3	 -2.6	  0.1	  9.5	1	 -5.2	-14.0	11	 79.0	 85.6	 13.8	30	 999.3	7.1	NA	 7.2
505	1983	4	 -3.0	 -0.4	  5.0	12	 -5.5	-16.7	9	 77.0	109.7	 23.5	6	1014.2	6.6	NA	 7.5
505	1983	5	  1.4	  3.1	  8.0	28	 -0.2	 -2.3	1	 86.0	 33.8	 11.4	10	1016.6	7.2	NA	 4.8
505	1983	6	  6.0	  9.4	 20.0	24	  3.3	 -2.0	2	 84.0	 54.5	 10.6	18	1009.4	6.6	NA	 5.2
505	1983	7	  8.3	 11.7	 18.9	8	  5.9	  1.1	18	 84.0	 52.0	 14.2	29	1007.1	6.6	NA	 5.6
505	1983	8	  8.0	 10.8	 16.6	8	  5.7	  2.5	16	 86.0	 85.1	 29.1	15	1006.9	6.8	NA	 4.7
505	1983	9	  4.2	  6.8	 13.6	12	  1.4	 -4.1	29	 83.0	 58.0	 18.0	21	1010.6	5.3	NA	 4.8
505	1983	10	  1.6	  3.7	  6.5	6	 -0.4	 -7.2	24	 84.0	141.5	 16.7	30	1000.4	7.1	NA	 8.2
505	1983	11	 -1.0	  1.3	  7.5	13	 -4.0	-13.4	29	 79.0	113.6	 23.8	4	1009.3	6.6	NA	 7.9
505	1983	12	 -1.9	  0.6	 10.1	1	 -4.5	-13.9	24	 79.0	 69.6	  8.1	7	 999.4	6.6	NA	 7.6
505	1984	1	 -3.8	 -1.3	  6.2	9	 -7.6	-15.0	14	 77.0	101.6	 17.3	1	 989.5	6.3	NA	 7.8
505	1984	2	 -0.2	  2.7	  8.6	15	 -2.9	-10.6	6	 77.0	 43.1	 12.7	7	 996.0	6.8	NA	 7.9
505	1984	3	 -0.5	  2.2	  7.5	11	 -3.6	-15.6	1	 77.0	 20.7	  5.0	27	1016.9	5.8	NA	 6.9
505	1984	4	  2.8	  5.8	 16.0	26	  0.0	 -7.4	13	 76.0	 21.7	  4.0	6	1005.5	6.1	NA	 6.2
505	1984	5	  4.6	  8.2	 17.8	22	  1.9	 -3.6	6	 82.0	 38.7	  8.6	20	1010.9	6.5	NA	 4.7
505	1984	6	  7.1	 10.0	 18.3	18	  4.9	  0.2	23	 87.0	 23.3	  5.6	26	1013.3	6.2	NA	 5.2
505	1984	7	  9.8	 12.8	 23.0	18	  7.6	  4.5	25	 88.0	 23.6	  8.7	30	1011.1	7.0	NA	 4.0
505	1984	8	  9.9	 13.8	 20.5	10	  6.5	  2.2	22	 83.0	 25.0	  7.1	29	1008.2	5.4	NA	 3.9
505	1984	9	  5.5	  8.3	 18.0	6	  2.6	 -3.0	12	 86.0	 51.6	 15.8	19	1006.9	6.0	NA	 5.4
505	1984	10	  3.0	  4.4	  7.9	15	  1.6	 -1.8	12	 89.0	172.2	 28.2	8	1001.5	7.3	NA	 5.8
505	1984	11	  0.7	  2.8	  6.5	26	 -1.3	 -9.6	29	 85.0	 55.6	 14.4	28	1000.3	7.2	NA	 5.2
505	1984	12	  0.2	  3.0	  8.9	11	 -3.0	 -8.8	24	 79.0	 44.2	 15.3	26	 994.7	5.3	NA	 6.1
505	1985	1	 -1.6	  1.0	  9.2	12	 -4.5	-17.3	28	 77.0	 73.6	 23.2	31	1017.0	6.0	NA	 5.9
505	1985	2	 -1.6	  0.8	  8.0	28	 -4.4	-12.7	1	 76.0	 32.8	  7.1	12	1010.7	5.9	NA	 6.8
505	1985	3	 -2.0	  0.5	  8.0	1	 -4.3	-16.5	17	 76.0	 65.4	  7.2	30	1008.6	6.1	NA	 6.2
505	1985	4	  0.3	  2.6	  9.8	20	 -2.1	-11.8	27	 82.0	 34.9	  8.1	17	1011.2	6.5	NA	 5.8
505	1985	5	  4.4	  7.3	 14.5	18	  1.8	 -1.3	23	 84.0	 49.8	 15.6	28	1016.0	5.7	NA	 5.8
505	1985	6	  6.1	  8.4	 16.4	18	  4.4	  0.2	12	 88.0	 35.8	 16.7	3	1013.8	7.1	NA	 5.3
505	1985	7	  7.1	  9.3	 14.9	10	  5.4	  2.0	13	 91.0	100.5	 21.0	20	1007.9	6.8	NA	 6.1
505	1985	8	  6.3	  7.9	 13.5	15	  4.9	 -1.8	27	 93.0	115.1	 29.5	29	1008.2	7.2	NA	 5.7
505	1985	9	  4.2	  6.7	 16.0	12	  2.2	 -1.3	28	 89.0	 46.1	 12.3	19	1009.9	6.8	NA	 5.3
505	1985	10	  4.3	  8.2	 16.8	14	  1.2	 -4.9	10	 83.0	 62.9	 13.1	24	1004.7	6.3	NA	 5.8
505	1985	11	 -1.7	  0.9	  7.2	13	 -4.6	-14.6	5	 75.0	 93.3	 14.3	29	1014.0	6.0	NA	 6.7
505	1985	12	 -2.6	 -0.7	  3.0	10	 -5.2	-14.5	29	 76.0	 48.5	  7.6	21	1011.6	7.1	NA	 8.0
505	1986	1	 -1.0	  1.2	  7.0	26	 -3.8	-12.0	3	 78.0	 80.8	 20.3	29	 998.4	6.3	NA	 8.0
505	1986	2	 -1.8	  1.0	  7.5	13	 -4.3	-14.6	21	 76.0	  3.3	  1.8	11	1024.6	5.3	NA	 5.4
505	1986	3	 -0.4	  1.9	  7.0	13	 -3.0	-10.2	4	 77.0	 74.1	 11.2	24	 989.1	6.5	NA	 8.3
505	1986	4	  0.5	  2.8	  7.5	25	 -1.6	-14.7	16	 82.0	 42.9	 18.6	29	1013.1	6.6	NA	 5.7
505	1986	5	  1.7	  3.7	 11.0	20	 -0.0	 -4.2	4	 83.0	 52.8	 19.4	22	1008.0	7.2	NA	 5.3
505	1986	6	  8.5	 11.4	 20.2	28	  5.6	  0.3	3	 81.0	 37.7	 15.8	9	1009.8	6.1	NA	 4.1
505	1986	7	  8.4	 11.2	 19.8	13	  6.0	  1.9	10	 86.0	 39.2	  9.7	21	1008.2	6.4	NA	 5.0
505	1986	8	  8.3	 10.9	 18.9	9	  5.9	  0.5	4	 85.0	 10.3	  2.7	12	1016.0	6.6	NA	 3.8
505	1986	9	  4.5	  8.1	 15.0	1	  1.4	 -4.6	22	 84.0	 34.9	 17.4	28	1012.0	6.1	NA	 5.5
505	1986	10	  1.4	  4.3	 12.0	9	 -1.1	 -6.8	26	 82.0	 91.9	 20.8	28	 990.2	6.0	NA	 5.9
505	1986	11	 -0.5	  1.9	  6.0	14	 -3.2	-12.5	11	 83.0	118.2	 20.1	30	 992.7	6.8	NA	 7.3
505	1986	12	 -1.4	  1.5	  7.5	10	NA	-16.9	2	 78.0	 65.9	 29.7	1	 993.8	6.3	NA	 8.0
505	1987	1	  0.4	  2.5	  7.5	23	 -2.5	-11.0	1	 78.0	 16.5	  6.8	26	1014.3	5.5	NA	 5.3
505	1987	2	 -2.2	  0.2	  4.5	1	 -4.7	-15.4	16	 80.0	 61.5	  9.6	10	1007.9	6.7	NA	 6.6
505	1987	3	 -1.3	  1.1	  7.8	5	 -3.4	-13.0	29	 78.0	 53.4	 12.5	18	1006.8	6.9	NA	 7.9
505	1987	4	  2.1	  4.9	 12.2	23	 -0.4	 -8.5	4	 77.0	 59.5	 22.1	2	1002.8	5.7	NA	 6.5
505	1987	5	  5.0	  8.5	 15.0	20	  1.9	 -4.3	11	 80.0	 11.6	  4.1	9	1017.2	5.2	NA	 5.4
505	1987	6	  6.6	  8.7	 13.5	16	  4.7	  0.5	6	 86.0	 30.9	 13.8	2	1017.4	6.7	NA	 4.4
505	1987	7	  9.3	 12.6	 20.8	14	  7.2	  2.5	9	 88.0	 43.3	  9.4	18	1009.8	6.5	NA	 4.2
505	1987	8	  8.5	 10.7	 17.2	26	  6.5	  1.1	26	 88.0	 16.1	  4.4	29	1015.6	6.5	NA	 4.9
505	1987	9	  6.0	  7.9	 15.0	27	  4.3	 -2.0	26	 88.0	102.6	 17.2	22	1002.9	7.3	NA	 6.5
505	1987	10	  1.7	  3.5	 11.0	2	 -0.3	 -8.5	30	 84.0	 91.7	 13.2	4	1001.0	6.9	NA	 6.9
505	1987	11	  2.5	  4.5	  9.0	3	  0.2	 -7.0	23	 85.0	 61.5	 18.7	19	1004.9	6.5	NA	 5.6
505	1987	12	  0.2	  2.4	 10.0	2	 -1.7	 -9.5	25	 82.0	101.5	 21.2	29	1006.8	7.4	NA	 6.7
505	1988	1	 -4.4	 -1.8	  5.5	16	 -7.4	-21.5	6	 75.0	 86.7	 13.0	2	 999.5	6.3	NA	 8.0
505	1988	2	 -3.4	 -1.1	  5.5	20	 -5.8	-10.5	14	 75.0	 76.3	  8.9	7	1004.5	6.8	NA	 8.5
505	1988	3	 -3.3	 -0.5	  6.5	8	 -6.0	-16.7	14	 79.0	 53.3	 12.1	24	1007.9	7.0	NA	 5.9
505	1988	4	 -3.0	  0.1	 10.0	26	 -5.8	-15.0	8	 75.0	 63.9	 12.2	10	1019.0	6.3	NA	 6.3
505	1988	5	  3.0	  6.2	 19.0	14	  0.6	 -8.5	1	 82.0	 20.6	  6.6	31	1015.0	6.3	NA	 5.6
505	1988	6	  8.3	 12.2	 24.0	25	  5.4	  0.0	3	 80.0	 25.3	  7.0	24	1009.4	6.1	NA	 5.4
505	1988	7	  7.2	  9.3	 15.2	5	  5.5	  2.1	4	 92.0	 89.8	 23.7	28	1007.6	6.5	NA	 5.5
505	1988	8	  8.4	 10.6	 18.0	7	  6.8	  4.0	21	 93.0	 71.0	 15.4	28	1003.4	7.2	NA	 5.0
505	1988	9	  5.5	  7.7	 17.8	14	  3.6	 -6.0	30	 88.0	 86.4	 18.7	22	1004.5	7.4	NA	 6.9
505	1988	10	  1.6	  4.4	 10.8	15	 -0.9	 -7.2	9	 81.0	 42.5	 11.8	3	1009.2	5.9	NA	 5.8
505	1988	11	 -0.5	  2.0	  7.9	3	 -3.1	-11.0	20	 79.0	 89.5	 18.7	11	1008.6	5.8	NA	 5.5
505	1988	12	 -2.0	  1.1	  9.5	15	 -5.6	-13.5	24	 76.0	 91.7	 15.6	22	 998.5	6.5	NA	 7.1
505	1989	1	 -2.1	  1.0	  7.0	3	 -5.5	-12.0	22	 75.0	126.0	 40.0	28	 988.5	5.9	NA	 8.0
505	1989	2	 -4.0	 -1.2	  5.5	1	 -6.9	-14.9	17	 75.0	169.6	 37.0	20	 986.4	6.8	NA	 9.9
505	1989	3	 -2.4	 -0.2	  7.0	31	 -5.6	-15.3	2	 79.0	106.9	 23.1	14	 990.9	6.5	NA	 7.5
505	1989	4	 -0.7	  1.3	  6.9	1	 -3.0	 -7.3	22	 82.0	 58.2	 22.5	16	1010.4	6.6	NA	 5.5
505	1989	5	  2.1	  4.7	 10.5	21	 -0.5	 -3.2	11	 83.0	 28.2	 10.6	15	1008.9	6.6	NA	 5.2
505	1989	6	  6.5	  9.7	 17.0	18	  3.8	 -0.2	27	 81.0	 20.8	  4.1	13	1011.8	6.0	NA	 5.1
505	1989	7	  9.6	 13.4	 22.0	20	  6.7	 -2.3	1	 84.0	 49.7	  8.9	30	1008.8	6.4	NA	 4.8
505	1989	8	  7.9	 10.3	 17.0	30	  5.8	  0.8	1	 93.0	 92.8	 31.0	10	1001.0	7.3	NA	 5.7
505	1989	9	  6.1	  9.1	 17.6	11	  3.3	 -1.3	27	 85.0	 76.7	 11.0	25	1001.1	7.1	NA	 6.1
505	1989	10	  3.1	  5.5	 13.0	3	  0.2	 -8.3	27	 85.0	 94.2	 22.0	21	1001.5	6.6	NA	 5.5
505	1989	11	  0.1	  2.9	 10.0	15	 -3.3	-12.8	19	 82.0	 88.8	 16.5	18	1009.2	5.9	NA	 5.5
505	1989	12	 -0.9	  1.6	 10.5	1	 -4.3	-12.5	20	 76.0	 58.9	 14.0	25	1004.7	6.3	NA	 6.7
505	1990	1	  0.3	  2.3	  6.5	4	 -2.2	 -7.5	11	 83.0	 97.2	 18.5	19	 983.1	6.9	NA	 7.8
505	1990	2	 -1.3	  0.4	  3.2	1	 -3.6	-10.8	28	 81.0	116.6	 17.9	5	 978.7	7.4	NA	 7.9
505	1990	3	 -3.6	 -0.3	  5.3	26	 -6.8	-17.3	10	 73.0	108.0	 15.7	18	 995.0	6.7	NA	 8.3
505	1990	4	 -1.5	  1.4	  7.5	20	 -4.6	-13.8	4	 75.0	 58.9	 10.7	26	1000.4	6.5	NA	 6.8
505	1990	5	  4.0	  7.4	 14.9	28	  0.8	 -3.3	15	 84.0	  8.8	  3.8	14	1019.0	6.1	NA	 3.8
505	1990	6	  6.4	  9.1	 17.0	17	  4.4	  0.7	26	 90.0	 65.2	 15.1	23	1011.2	6.9	NA	 4.7
505	1990	7	  9.0	 12.8	 21.0	24	  6.2	  0.7	7	 88.0	 35.0	  9.1	31	1009.3	6.5	NA	 4.4
505	1990	8	  8.2	 11.0	 14.1	10	  5.8	  1.8	8	 91.0	 62.5	 12.2	22	1005.6	6.8	NA	 5.3
505	1990	9	  5.3	  8.3	 15.8	10	  2.7	 -4.4	30	 86.0	109.6	 17.3	4	1004.3	7.0	NA	 5.4
505	1990	10	  2.7	  4.6	  9.5	27	  0.8	 -3.8	11	 88.0	 84.6	 15.7	15	1002.2	7.0	NA	 6.3
505	1990	11	  1.0	  2.9	  8.0	6	 -1.5	 -7.0	22	 83.0	 54.4	 15.4	23	1009.9	6.2	NA	 5.4
505	1990	12	 -1.6	  1.5	 10.0	14	 -5.4	-14.3	20	 74.0	 76.2	 17.7	26	 992.7	6.0	NA	 6.4
505	1991	1	  0.5	  3.5	 10.0	21	 -2.9	-10.6	1	 77.0	 75.3	  9.7	3	 996.8	6.3	NA	 7.7
505	1991	2	  0.3	  2.7	  9.0	6	 -2.8	-11.5	25	 76.0	 20.7	  4.8	20	1007.5	5.5	NA	 5.8
505	1991	3	  1.0	  3.5	 10.2	25	 -1.2	 -9.1	30	 82.0	119.7	 23.5	17	1006.0	6.8	NA	 7.6
505	1991	4	 -1.0	  2.2	  8.5	28	 -4.1	-11.4	4	 72.0	 56.7	  9.6	2	1007.9	6.2	NA	 7.0
505	1991	5	  5.6	  9.2	 18.9	27	  2.7	 -1.8	2	 84.0	 74.8	 23.7	9	1015.7	6.6	NA	 4.4
505	1991	6	  5.7	  8.2	 14.8	18	  2.9	 -0.1	8	 84.0	 27.8	  9.8	13	1013.5	6.1	NA	 4.7
505	1991	7	 10.1	 12.8	 20.7	4	  7.7	  3.0	20	 89.0	 20.4	  6.3	24	1011.3	7.0	NA	 3.8
505	1991	8	  9.7	 13.3	 18.3	25	  6.2	  0.7	1	 82.0	 30.0	  6.1	8	1001.2	5.9	NA	 5.2
505	1991	9	  5.8	  9.2	 18.0	2	  2.9	 -2.3	16	 85.0	 86.9	 14.8	19	1005.9	6.7	NA	 6.1
505	1991	10	  3.7	  6.1	 13.0	24	  1.3	 -4.2	9	 86.0	 87.3	 27.6	3	1008.0	6.5	NA	 6.4
505	1991	11	 -0.2	  1.7	  6.0	2	 -2.7	 -9.3	9	 81.0	 92.3	 15.5	11	 996.3	7.1	NA	 7.1
505	1991	12	 -0.8	  2.7	 10.0	30	 -4.7	-15.3	21	 74.0	 56.5	  6.3	20	1000.8	6.0	NA	 6.2
505	1992	1	  0.9	  4.7	 11.0	19	 -3.3	-13.6	9	 76.0	 41.8	 11.2	7	1002.4	6.5	NA	 6.5
505	1992	2	 -1.8	  1.5	  8.5	19	 -5.5	-13.2	4	 74.0	 97.4	 16.5	28	 992.1	6.8	NA	 7.7
505	1992	3	 -1.8	  0.9	  9.5	8	 -4.5	-16.5	14	 75.0	 64.8	 19.1	29	1000.4	6.7	NA	 7.0
505	1992	4	  0.0	  2.2	  7.5	21	 -2.1	 -8.8	7	 78.0	 52.1	 30.4	21	1007.5	7.0	NA	 6.1
505	1992	5	  4.1	  7.9	 25.0	26	  1.4	 -4.2	11	 78.0	 23.5	 10.5	19	1009.5	6.3	NA	 5.2
505	1992	6	  7.5	 11.2	 21.0	18	  4.2	 -1.3	15	 80.0	103.7	 17.3	29	1009.4	5.9	NA	 6.5
505	1992	7	  7.4	 10.2	 19.0	7	  5.0	  1.7	1	 87.0	 80.0	 18.5	20	1008.1	6.5	NA	 5.3
505	1992	8	  7.5	  9.8	 15.0	16	  5.3	  1.7	13	 89.0	 87.2	 18.0	28	1003.2	6.6	NA	 5.4
505	1992	9	  5.8	  7.2	 11.2	25	  4.2	  0.7	4	 92.0	108.8	 17.9	14	1005.9	7.5	NA	 5.6
505	1992	10	  2.9	  5.7	 13.5	7	  0.2	 -8.3	29	 83.0	 54.6	 10.0	10	1011.5	6.3	NA	 5.8
505	1992	11	 -0.1	  2.3	  7.0	8	 -2.8	 -9.8	21	 83.0	116.6	 24.0	24	 989.0	6.2	NA	 6.0
505	1992	12	 -1.2	  1.5	  8.8	27	 -3.9	 -9.3	19	 78.0	113.8	 20.0	15	 993.8	6.1	NA	 8.6
505	1993	1	 -3.6	 -0.4	  5.6	31	 -7.6	-17.1	24	 76.0	 35.5	  5.2	21	 985.4	6.4	NA	 8.5
505	1993	2	 -1.5	  1.5	  7.0	10	 -4.9	-13.5	21	 76.0	 82.8	 32.7	18	1006.1	6.3	NA	 7.1
505	1993	3	 -1.1	  1.9	  7.0	1	 -3.9	-13.0	22	 81.0	 70.6	 19.1	24	 996.4	6.2	NA	 6.7
505	1993	4	  1.4	  3.8	 12.0	28	 -0.8	 -4.3	27	 84.0	 31.2	  5.7	9	1008.1	6.8	NA	 5.8
505	1993	5	  3.4	  6.9	 15.7	10	  0.5	 -4.1	13	 81.0	 21.0	  4.5	12	1020.7	6.6	NA	 7.2
505	1993	6	  5.1	  7.3	 17.8	29	  3.1	 -1.3	2	 86.0	 54.0	 13.4	10	1014.6	6.9	NA	 5.2
505	1993	7	  5.8	  7.2	 10.7	1	  4.3	  0.2	6	 92.0	123.2	 18.0	28	1011.9	7.9	NA	 6.3
505	1993	8	  7.3	 10.2	 19.7	5	  5.3	  0.8	22	 88.0	 61.7	 15.5	20	1009.2	7.4	NA	 5.3
505	1993	9	  7.0	  9.6	 14.6	27	  4.8	 -0.6	25	 87.0	 15.7	  3.5	27	1012.4	6.5	NA	 4.3
505	1993	10	  2.6	  5.2	 12.8	22	 -0.0	-12.0	16	 79.0	 15.6	  4.1	20	1018.3	6.7	NA	 5.5
505	1993	11	  2.9	  5.8	 10.3	6	 -0.2	 -7.7	13	 75.0	 32.9	 10.8	9	 994.7	5.7	NA	 6.2
505	1993	12	 -1.7	  0.0	  4.0	29	 -4.5	-12.4	13	 79.0	 81.6	 10.4	21	 995.4	7.1	NA	 8.5
505	1994	1	 -2.6	 -0.4	  5.2	31	 -5.6	-13.2	28	 78.0	107.2	 14.8	23	 999.1	7.4	NA	10.0
505	1994	2	 -0.4	  1.9	  7.0	20	 -2.6	-13.8	27	 81.0	 20.6	  7.8	2	1007.7	6.1	NA	 5.8
505	1994	3	 -2.0	  0.1	  5.7	28	 -4.8	-11.4	20	 81.0	 60.7	  8.2	16	 987.6	7.1	NA	 7.2
505	1994	4	 -0.0	  2.5	  7.8	17	 -2.3	 -9.4	29	 83.0	 33.7	  7.4	8	1006.9	6.5	NA	 6.7
505	1994	5	  4.3	  7.6	 13.2	29	  1.3	 -4.1	1	 84.0	 26.4	  6.0	3	1014.6	6.1	NA	 5.0
505	1994	6	  5.9	  8.3	 18.2	30	  3.5	 -0.2	2	 85.0	 38.8	  8.4	25	1004.0	6.6	NA	 5.7
505	1994	7	 10.3	 13.8	 19.8	31	  7.5	  2.3	24	 86.0	 39.6	 16.0	30	1005.7	6.6	NA	 4.9
505	1994	8	  9.1	 12.3	 19.6	7	  6.4	  1.7	30	 87.0	 32.0	  9.0	28	1010.4	6.0	NA	 4.9
505	1994	9	  5.5	  8.9	 19.2	2	  2.7	 -7.1	29	 81.0	 40.3	 12.4	19	1010.2	5.6	NA	 5.0
505	1994	10	  1.1	  3.4	 13.2	5	 -1.4	-11.3	15	 84.0	124.3	 17.7	23	1008.1	7.2	NA	 6.5
505	1994	11	  1.4	  3.8	  9.8	29	 -1.0	 -8.0	18	 86.0	125.6	 24.5	15	 999.6	6.8	NA	 7.0
505	1994	12	 -1.3	  1.4	 10.8	2	 -4.5	 -9.9	5	 79.0	 62.1	 13.0	3	 991.4	6.3	NA	 8.2
505	1995	1	 -2.7	 -0.2	  6.7	3	 -6.2	-14.1	28	 80.0	 94.4	 12.6	16	 992.3	7.0	NA	 8.4
505	1995	2	 -2.9	 -1.2	  2.0	3	 -5.3	-13.3	1	 83.0	 33.9	 12.4	27	 991.4	7.4	NA	 7.7
505	1995	3	 -2.7	 -0.1	  7.2	30	 -5.6	-18.1	28	 81.0	 67.3	 12.2	4	 997.8	6.8	NA	 9.2
505	1995	4	 -1.3	  0.9	  5.0	10	 -4.0	-10.9	21	 82.0	 75.1	 21.4	2	1018.8	6.8	NA	 6.9
505	1995	5	  1.3	  3.2	  6.3	10	 -0.6	 -5.9	15	 89.0	 60.2	 21.3	29	1017.3	7.4	NA	 4.6
505	1995	6	  7.8	 11.7	 19.3	11	  4.1	 -0.3	3	 81.0	 45.7	  9.8	21	1014.4	6.4	NA	 5.7
505	1995	7	  7.5	 10.6	 21.0	2	  4.8	  1.1	2	 86.0	 57.4	 23.5	6	1010.0	6.8	NA	 5.4
505	1995	8	  9.8	 13.6	 24.8	10	  6.6	  1.7	23	 82.0	 29.4	 10.1	21	1009.0	6.1	NA	 4.5
505	1995	9	  5.7	  8.7	 17.6	16	  2.9	 -8.5	29	 81.0	 44.1	 13.7	25	1010.3	5.5	NA	 5.3
505	1995	10	  2.6	  4.1	  6.5	2	  0.7	 -7.2	31	 89.0	107.5	 15.3	15	1001.3	7.6	NA	 7.5
505	1995	11	  0.2	  2.4	  8.2	7	 -2.5	 -9.5	28	 82.0	 43.8	 12.0	22	1017.6	7.0	NA	 6.3
505	1995	12	 -2.5	  0.4	 11.8	10	 -5.4	-17.3	27	 73.0	 29.1	  7.2	6	1015.5	5.7	NA	 6.8
505	1996	1	 -0.0	  2.2	  8.2	17	 -2.6	-11.6	1	 83.0	 23.4	  6.3	5	1005.2	5.6	NA	 5.1
505	1996	2	 -1.7	  1.0	  8.7	20	 -5.2	-15.9	27	 80.0	 57.4	 12.9	28	1004.5	6.6	NA	 7.7
505	1996	3	  1.4	  4.4	  9.3	7	 -1.7	-11.1	24	 76.0	 28.2	 18.4	25	1015.6	5.6	NA	 6.3
505	1996	4	  1.4	  3.4	  6.8	8	 -0.7	 -5.6	5	 84.0	 35.1	  7.6	18	1013.5	6.8	NA	 6.2
505	1996	5	  3.6	  6.2	 15.3	9	  0.8	 -6.2	1	 81.0	  5.4	  2.4	10	1019.5	5.6	NA	 4.9
505	1996	6	  6.8	  9.9	 22.8	24	  4.1	 -2.5	3	 85.0	 28.3	 11.4	11	1011.2	7.1	NA	 5.4
505	1996	7	  9.8	 13.0	 22.2	17	  7.2	  4.6	5	 84.0	 15.3	  3.1	26	1007.8	6.8	NA	 5.3
505	1996	8	  9.1	 12.5	 19.8	28	  6.2	  2.0	26	 85.0	 37.4	  6.2	14	1008.5	6.1	NA	 4.9
505	1996	9	  9.6	 12.7	 20.6	4	  6.8	  2.1	11	 86.0	 66.1	 27.2	24	1007.6	6.6	NA	 4.9
505	1996	10	  2.7	  4.8	 10.6	24	  0.5	 -6.8	13	 86.0	 86.7	 17.9	21	 998.4	7.0	NA	 7.1
505	1996	11	 -3.4	 -1.2	  6.0	14	 -6.7	-16.6	24	 78.0	 42.8	  7.5	15	1007.9	6.3	NA	 7.3
505	1996	12	 -1.8	  0.4	  4.5	25	 -5.1	-12.5	5	 83.0	 45.3	 11.1	26	1016.2	6.3	NA	 6.6
505	1997	1	 -1.6	  1.0	  6.0	29	 -4.8	-10.6	19	 81.0	 48.7	 16.9	27	1008.8	6.2	NA	 9.0
505	1997	2	 -1.8	  0.5	  5.8	1	 -4.8	-14.6	26	 82.0	 82.9	 13.4	21	 983.8	7.1	NA	 8.8
505	1997	3	 -2.3	  0.4	  6.3	4	 -5.5	-19.1	15	 81.0	 70.7	 10.5	1	1001.3	6.6	NA	 7.9
505	1997	4	  0.3	  2.9	  8.0	14	 -2.2	 -9.5	6	 82.0	 48.4	 18.6	1	1014.9	7.1	NA	 6.8
505	1997	5	  2.1	  4.7	 22.6	31	 -0.3	 -5.9	5	 83.0	 23.3	  5.5	13	1020.3	6.9	NA	 6.4
505	1997	6	  5.1	  8.9	 21.8	3	  2.5	 -1.8	7	 85.0	 41.8	 19.6	15	1016.8	6.7	NA	 6.2
505	1997	7	  9.7	 13.5	 20.2	12	  7.2	  3.2	1	 88.0	 21.9	  7.1	4	1010.4	6.6	NA	 4.5
505	1997	8	  9.2	 13.3	 20.8	4	  6.0	  0.3	31	 84.0	100.0	 40.9	30	1005.9	6.2	NA	 5.7
505	1997	9	  6.6	  9.8	 21.3	23	  3.7	 -2.3	14	 81.0	 69.3	 11.5	30	1005.7	6.6	NA	 6.3
505	1997	10	  2.4	  4.5	 12.0	29	 -0.0	 -6.1	20	 85.0	 80.6	 22.0	7	1011.1	7.2	NA	 6.0
505	1997	11	  2.5	  3.8	  6.6	23	  0.9	 -4.1	15	 89.0	 77.3	 11.6	4	1004.3	7.3	NA	 6.4
505	1997	12	  0.9	  3.3	 14.2	14	 -1.9	-10.5	29	 81.0	 46.5	 30.5	31	1001.4	5.9	NA	 6.1
505	1998	1	 -0.7	  1.6	  6.5	26	 -3.7	-13.2	18	 81.0	 39.6	  5.8	6	1006.1	7.3	NA	 9.2
505	1998	2	 -3.8	 -0.4	  6.2	17	 -7.3	-15.9	11	 79.0	 87.1	 15.5	9	 995.6	6.7	NA	 8.9
505	1998	3	 -3.9	 -0.5	  8.0	21	 -7.9	-20.1	7	 77.0	 70.9	 16.0	2	1006.6	6.4	NA	 8.3
505	1998	4	 -0.4	  1.7	  4.0	4	 -2.6	-11.3	10	 84.0	 41.6	 14.2	27	1015.4	6.6	NA	 5.4
505	1998	5	  4.6	  8.1	 15.6	22	  1.4	 -5.6	9	 80.0	 21.2	  3.8	18	1015.6	6.2	NA	 6.0
505	1998	6	  4.7	  6.8	 11.8	13	  2.6	 -0.3	2	 84.0	 18.1	 13.8	22	1019.2	7.2	NA	 4.9
505	1998	7	  6.1	  8.3	 13.6	3	  4.2	  1.9	9	 92.0	 84.0	 22.1	8	1009.5	7.6	NA	 5.7
505	1998	8	  8.6	 12.0	 18.7	29	  5.9	  3.3	25	 88.0	 40.7	 10.3	20	1005.4	6.9	NA	 5.6
505	1998	9	  5.8	  7.6	 15.6	4	  4.1	 -0.3	26	 88.0	 54.4	  8.6	4	1015.8	7.1	NA	 6.6
505	1998	10	  1.9	  4.0	 14.2	6	 -0.5	 -6.1	17	 82.0	 81.8	 15.0	23	1001.6	6.8	NA	 7.7
505	1998	11	  0.6	  2.7	  6.3	8	 -2.6	-12.0	6	 82.0	 64.7	 19.2	10	1003.2	6.3	NA	 7.5
505	1998	12	  0.0	  2.2	  8.8	7	 -2.5	-12.3	20	 81.0	 73.6	  9.9	1	 994.9	6.9	NA	 7.6
505	1999	1	 -1.0	  1.4	  6.6	29	 -3.9	-10.5	26	 80.0	 68.6	 14.4	21	 995.6	7.1	NA	 8.2
505	1999	2	 -2.0	  0.7	  8.4	1	 -4.7	-14.4	17	 76.0	 64.7	 27.4	20	 994.9	6.2	NA	 8.0
505	1999	3	 -2.3	 -0.4	  2.6	11	 -4.4	-10.8	20	 80.0	 71.6	 18.5	18	1008.1	7.5	NA	 6.8
505	1999	4	 -0.7	  2.6	  9.2	26	 -3.6	-13.6	18	NA	 37.7	 11.0	6	1014.6	5.8	NA	 6.2
505	1999	6	  8.3	 11.7	 24.5	11	  5.2	  1.0	1	 80.0	 53.5	 21.5	15	1008.6	6.2	NA	 5.1
505	1999	7	  9.9	 13.0	 21.6	9	  7.3	  3.9	2	 82.0	 46.8	 18.1	15	1009.6	6.4	NA	 5.5
505	1999	8	  9.9	 13.0	 19.4	23	  6.8	  0.5	19	 83.0	  8.3	  2.9	14	1013.3	6.7	NA	 4.5
505	1999	9	  6.8	  9.4	 16.8	1	  4.7	 -5.0	28	 86.0	 66.5	 12.5	16	1000.6	7.0	NA	 5.8
505	1999	10	  3.9	  6.6	 14.0	14	  1.5	 -4.2	9	 83.0	 83.9	 15.8	27	1005.5	6.1	NA	 7.0
505	1999	11	  0.8	  3.5	 14.0	19	 -1.7	 -9.4	28	 80.0	 87.5	 17.9	5	1001.3	6.4	NA	 7.1
505	1999	12	 -1.7	  0.6	  5.0	20	 -4.9	-12.5	5	 82.0	 48.1	 12.4	3	 996.3	7.0	NA	 7.9
505	2000	1	 -1.1	  1.6	  8.0	15	 -4.1	-15.6	31	 80.0	 50.9	 11.5	2	1003.1	6.2	NA	 8.1
505	2000	2	 -2.1	  0.1	  4.0	5	 -5.5	-13.3	14	 82.0	109.3	 18.7	5	 990.2	6.6	NA	 8.3
505	2000	3	 -1.5	  0.7	  7.8	28	 -3.8	-11.0	4	 81.0	 76.0	 24.9	6	1008.4	7.2	NA	 7.9
505	2000	4	 -1.1	  1.6	 12.6	30	 -3.9	-12.1	3	 76.0	 12.4	  2.7	24	1018.9	6.7	NA	 5.9
505	2000	5	  4.6	  8.1	 14.6	8	  1.8	 -2.9	20	 82.0	 51.8	 16.3	18	1008.3	6.4	NA	 6.2
505	2000	6	  5.6	  8.3	 16.6	6	  3.7	  0.0	3	 83.0	 18.9	  5.5	10	1015.4	5.8	NA	 5.5
505	2000	7	 10.3	 13.6	 23.2	16	  7.2	  3.7	3	 82.0	 18.4	  4.0	16	1013.7	6.3	NA	 4.6
505	2000	8	  9.8	 12.9	 19.3	24	  7.0	  2.9	7	 87.0	 59.4	 27.6	16	1009.7	6.7	NA	 5.1
505	2000	9	  7.6	 10.4	 16.3	4	  5.0	 -0.3	19	 85.0	 53.9	 10.9	9	1005.3	6.3	NA	 6.3
505	2000	10	  4.1	  6.2	 14.8	6	  1.8	 -7.1	13	 87.0	 55.9	 12.0	15	 996.2	6.8	NA	 6.4
505	2000	11	  1.1	  2.9	  5.4	27	 -1.3	-12.3	8	 87.0	 83.7	 10.0	18	1004.2	7.4	NA	 7.5
505	2000	12	 -0.6	  1.2	  5.1	1	 -2.8	-12.1	31	 84.0	 48.6	  6.5	4	1008.0	7.5	NA	 7.8
505	2001	1	  1.1	  2.9	  9.8	14	 -1.1	-10.3	9	 81.0	 63.3	 31.1	26	1003.3	7.1	NA	 7.4
505	2001	2	 -1.1	  1.6	  8.8	18	 -4.0	-12.6	25	 77.0	 42.8	 13.0	22	1010.1	6.3	NA	 7.8
505	2001	3	 -2.6	 -0.6	  3.3	11	 -5.3	-12.6	26	 82.0	 43.7	  8.6	28	1009.3	7.3	NA	 6.8
505	2001	4	  0.0	  2.9	  9.3	13	 -2.7	-17.7	11	 83.0	 40.0	 12.4	7	1012.2	6.4	NA	 6.4
505	2001	5	  4.5	  7.5	 17.2	5	  1.7	 -4.1	23	 81.0	 26.9	  4.7	30	1013.9	6.7	NA	 6.2
505	2001	6	  5.2	  8.1	 15.2	18	  2.6	 -3.3	7	 86.0	 39.2	  7.6	25	1014.6	6.8	NA	 5.4
505	2001	7	  8.3	 11.1	 15.6	28	  5.9	  1.7	16	 85.0	 38.1	 10.3	25	1011.8	6.6	NA	 5.1
505	2001	8	  8.4	 10.9	 18.4	22	  6.6	  3.8	31	 88.0	 42.5	 12.6	21	1006.8	7.1	NA	 5.5
505	2001	9	  7.1	 10.0	 18.6	4	  4.8	  1.2	9	 86.0	 50.5	  8.8	13	1012.0	6.8	NA	 6.1
505	2001	10	  4.4	  6.5	 11.8	16	  2.5	 -5.5	31	 88.0	107.6	 19.1	16	1001.0	6.9	NA	 6.3
505	2001	11	  0.2	  3.4	 10.6	23	 -3.8	-11.3	28	 77.0	 89.0	 23.3	28	1000.3	6.4	NA	 7.8
505	2001	12	 -0.0	  2.9	 10.2	11	 -3.2	-14.2	26	 79.0	 67.3	 15.2	26	1013.5	5.9	NA	 7.4
505	2002	1	 -0.1	  2.5	 10.8	7	 -3.0	-17.2	25	 82.0	 71.5	 15.2	15	 998.9	6.4	NA	 7.9
505	2002	2	 -3.7	 -0.9	  7.3	14	 -6.5	-15.9	28	 80.0	 35.4	  6.8	22	 995.8	7.2	NA	 8.6
505	2002	3	 -2.9	  0.2	  5.3	15	 -6.2	-17.1	19	 81.0	 50.3	  9.2	24	1005.4	6.4	NA	 6.3
505	2002	4	  2.1	  5.5	 13.3	21	 -0.5	 -6.5	27	 84.0	 54.9	  9.1	3	1004.1	6.6	NA	 6.5
505	2002	5	  3.0	  5.3	 11.2	6	  0.9	 -3.8	3	 89.0	 46.5	 10.5	31	1011.9	6.6	NA	 6.1
505	2002	6	  6.3	  8.6	 15.7	27	  4.0	 -1.1	23	 91.0	 15.1	  5.4	19	1009.7	6.8	NA	 5.8
505	2002	7	  8.4	 11.2	 16.4	14	  5.9	  2.6	19	 88.0	 88.7	 23.1	11	1007.4	7.1	NA	 5.6
505	2002	8	  9.1	 11.7	 17.0	26	  6.6	  1.7	18	 87.0	 95.8	 19.0	29	1009.2	7.1	NA	 5.3
505	2002	9	  7.9	 11.2	 20.2	14	  5.3	 -0.1	29	 87.0	 36.1	 20.4	2	1014.5	6.6	NA	 4.8
505	2002	10	  4.1	  6.2	 16.8	6	  2.2	 -7.9	28	 83.0	 37.5	  5.2	3	1013.6	6.4	NA	 7.2
505	2002	11	  3.9	  5.0	  7.4	2	  1.9	 -8.7	17	 87.0	 73.4	 18.9	7	1003.7	7.2	NA	 7.5
505	2002	12	  2.2	  4.5	 11.6	6	 -0.3	 -7.0	30	 81.0	 49.9	 14.3	4	1008.9	5.5	NA	 5.2
505	2003	1	 -1.4	  0.8	  5.6	11	 -4.0	-18.6	23	 82.0	 73.1	 10.4	25	1007.5	6.6	NA	 7.3
505	2003	2	  1.4	  3.9	  9.0	18	 -1.4	-11.1	5	 80.0	 32.3	  8.9	4	 997.3	6.1	NA	 8.0
505	2003	3	  2.5	  5.8	 12.3	24	 -0.5	 -7.6	10	 79.0	 45.9	  9.9	5	1003.5	5.9	NA	 7.0
505	2003	4	  4.2	  8.0	 20.4	18	  1.2	 -8.5	2	 79.0	 26.4	  4.7	3	1016.5	6.7	NA	 6.9
505	2003	5	  3.4	  5.5	  9.9	15	  0.8	 -6.6	5	 81.0	  8.7	  1.4	2	1012.7	6.5	NA	 6.1
505	2003	6	  7.7	  9.7	 21.6	27	  5.8	  2.8	3	 89.0	 59.8	 11.8	6	1011.0	6.7	NA	 5.7
505	2003	7	  9.0	 11.1	 17.3	18	  7.3	  3.2	8	 90.0	 47.2	 13.4	11	1009.8	7.2	NA	 5.3
505	2003	8	 11.4	 14.3	 24.6	9	  8.9	  2.2	28	 86.0	 19.3	  5.7	26	1013.2	6.5	NA	 4.4
505	2003	9	  7.7	 11.6	 19.6	4	  4.6	 -2.5	26	 80.0	 43.7	 12.7	12	1006.0	6.1	NA	 6.5
505	2003	10	  3.2	  5.9	 15.6	26	  0.5	 -5.3	22	 82.0	 46.8	  7.4	8	1012.5	6.8	NA	 6.5
505	2003	11	  2.0	  4.3	 13.3	7	 -0.6	 -6.7	5	 84.0	 78.1	 17.0	30	 997.4	6.2	NA	 5.9
505	2003	12	 -1.6	  1.2	  7.1	2	 -5.4	-12.9	29	 80.0	 93.1	 17.3	1	1005.8	7.2	NA	 7.4
505	2004	1	 -1.5	  0.9	  5.8	21	 -4.3	-10.2	26	 83.0	 78.4	 13.6	13	 999.0	7.1	NA	 7.9
505	2004	2	 -0.4	  2.1	  9.6	19	 -3.2	-12.6	8	 80.0	 39.8	 15.4	7	1011.9	6.9	NA	 7.7
505	2004	3	  2.3	  4.6	  9.6	9	  0.2	 -5.3	23	 83.0	 55.0	 10.5	17	1004.8	6.7	NA	 7.5
505	2004	4	  2.9	  5.6	 13.8	26	  0.8	 -3.7	10	 84.0	 48.5	 16.2	5	1005.0	7.5	NA	 6.0
505	2004	5	  3.8	  6.2	 15.2	22	  1.8	 -9.3	3	 87.0	 75.8	 14.5	1	1013.5	7.4	NA	 6.5
505	2004	6	  7.3	  9.9	 15.0	13	  5.1	  2.0	15	 84.0	  6.8	  2.1	3	1015.0	6.5	NA	 5.1
505	2004	7	 10.2	 12.8	 20.6	30	  7.6	  3.8	3	 81.0	 24.7	 20.0	25	1008.9	6.2	NA	 5.0
505	2004	8	 10.8	 13.7	 19.7	13	  7.8	  3.8	18	 82.0	 17.0	  5.7	27	1012.9	5.9	NA	 5.0
505	2004	9	  7.8	 10.8	 18.2	8	  5.2	 -0.3	28	NA	114.3	 28.1	4	1002.6	6.3	NA	 6.5
505	2004	10	  3.5	  6.0	 15.0	1	  1.2	 -7.0	28	 85.0	 67.2	 15.3	4	1008.6	7.2	NA	 7.4
505	2004	11	  0.5	  3.3	 11.9	6	 -2.3	-12.3	21	 84.0	 73.9	 12.6	15	1008.8	7.3	NA	 7.1
505	2004	12	 -2.0	  0.9	  7.3	13	 -5.6	-14.8	18	 80.0	 79.3	 15.5	24	 990.1	6.3	NA	 7.5
505	2005	1	 -1.4	  1.4	  7.4	25	 -4.2	-12.7	18	 82.0	108.3	 31.6	2	 997.0	6.6	NA	 9.0
505	2005	2	 -0.9	  2.1	  7.0	21	 -4.1	-15.2	5	 80.0	 46.0	 17.2	17	1012.5	6.1	NA	 6.9
505	2005	3	  0.6	  3.4	 11.6	21	 -2.4	-13.3	15	 81.0	 20.9	  7.3	19	1015.9	6.0	NA	 6.6
505	2005	4	  0.9	  3.6	 13.6	20	 -1.4	-10.3	8	 84.0	 54.6	 10.3	10	1011.5	6.7	NA	 7.2
505	2005	5	  2.5	  5.6	 13.8	13	 -0.5	 -4.4	18	 75.0	 29.9	 11.0	6	1019.1	6.4	NA	 5.8
505	2005	6	  6.8	  9.8	 16.7	8	  4.3	  0.3	4	 83.0	 33.1	 11.7	17	1014.0	6.9	NA	 6.2
505	2005	7	  9.8	 13.7	 21.0	10	  7.1	  4.5	27	 86.0	 72.4	 22.5	12	1009.9	7.0	NA	 5.0
505	2005	8	  8.5	 11.4	 18.1	20	  6.3	  2.4	28	 86.0	 92.5	 22.1	17	1005.6	7.2	NA	 5.8
505	2005	9	  4.3	  6.9	 12.3	10	  1.6	 -2.1	12	 85.0	135.0	 21.1	26	1004.6	7.0	NA	 7.2
505	2005	10	  1.6	  4.2	 11.6	4	 -0.7	-11.5	26	 87.0	128.1	 17.2	15	1005.6	7.5	NA	 6.5
505	2005	11	 -0.5	  1.6	  6.7	20	 -3.4	 -9.1	17	 87.0	 67.9	 20.2	11	1006.1	6.4	NA	 6.5
505	2005	12	  0.9	  3.3	  8.4	25	 -1.9	 -8.4	17	 84.0	 28.4	  7.2	3	1005.6	6.6	NA	 6.1
505	2006	1	  0.7	  3.5	 10.4	5	 -2.2	 -7.6	17	 80.0	 59.8	 24.2	18	 995.3	5.9	NA	 7.3
505	2006	2	  0.9	  3.5	  9.6	22	 -1.6	-12.1	9	 83.0	 47.0	 12.5	14	1010.8	6.5	NA	 6.4
505	2006	3	 -0.7	  1.6	 11.8	17	 -2.9	-12.4	6	 80.0	 21.3	  4.7	18	1015.7	7.3	NA	 6.8
505	2006	4	  1.2	  4.3	 14.7	28	 -1.7	 -7.3	3	 80.0	 38.4	  8.8	15	1001.0	6.5	NA	 7.1
505	2006	5	  3.2	  5.7	 13.2	4	  0.8	 -3.4	13	 82.0	 33.2	  7.9	25	1015.7	6.7	NA	 6.5
505	2006	6	  8.6	 12.8	 19.6	29	  5.6	  1.0	13	 80.0	 18.8	  8.6	6	1008.5	6.5	NA	 5.6
505	2006	7	  9.5	 12.4	 18.6	13	  7.5	  3.4	10	 86.0	 36.8	  8.5	3	1008.7	6.5	NA	 5.6
505	2006	8	  9.5	 11.9	 18.4	23	  7.4	  2.9	17	 91.0	 45.4	 15.9	29	1011.1	6.6	NA	 4.8
505	2006	9	  7.8	 10.6	 16.2	7	  5.6	  0.8	26	 87.0	 33.3	  7.3	14	1006.6	6.8	NA	 5.5
505	2006	10	  3.8	  5.9	 14.1	13	  2.0	 -4.0	24	 84.0	 56.2	 13.2	29	1012.6	7.3	NA	 6.6
505	2006	11	 -0.7	  1.6	 10.1	3	 -3.5	-16.8	19	 83.0	 86.1	 29.5	13	 996.7	7.1	NA	 8.2
505	2006	12	  1.7	  4.2	 13.0	21	 -0.7	-10.8	17	 83.0	 32.2	  7.9	9	 991.7	6.7	NA	 6.6
505	2007	1	 -1.7	  0.4	  7.0	30	 -4.6	-15.0	10	 83.0	 42.3	  4.6	5	 997.1	7.0	NA	 7.4
505	2007	2	 -0.7	  0.9	  4.8	1	 -2.5	-11.9	7	 84.0	 29.4	  7.4	14	1008.3	6.5	NA	 6.8
505	2007	3	  1.0	  3.5	 11.3	23	 -1.7	 -9.2	2	 83.0	 77.5	 12.0	27	 997.3	7.2	NA	 6.8
505	2007	4	  2.9	  6.9	 17.5	28	 -0.5	 -9.0	17	 78.0	 45.1	  9.4	24	1009.5	5.6	NA	 6.3
505	2007	5	  3.0	  5.4	 15.1	2	  0.8	 -2.2	10	 84.0	 41.9	  7.8	3	1009.8	6.9	NA	 5.9
505	2007	6	  8.2	 11.9	 21.0	5	  5.3	  3.0	12	 83.0	  3.9	  1.8	27	1018.5	6.3	NA	 5.0
505	2007	7	  8.3	 10.7	 18.0	21	  6.0	  0.0	30	 88.0	 13.8	  3.7	13	1013.5	7.3	NA	 4.6
505	2007	8	  8.2	 10.8	 16.4	22	  6.1	  2.0	19	 89.0	 63.1	  9.6	13	1011.1	7.0	NA	 5.6
505	2007	9	  6.0	  9.0	 16.8	4	  3.4	 -3.5	15	 83.0	 97.4	 25.6	13	1007.7	7.0	NA	 7.0
505	2007	10	  4.5	  8.0	 15.7	19	  1.7	 -5.2	18	 83.0	138.5	 28.5	31	1000.5	6.4	NA	 6.9
505	2007	11	 -0.1	  2.9	  8.0	16	 -3.6	-11.4	10	 81.0	 76.3	 21.7	29	1009.3	6.5	NA	 7.3
505	2007	12	  1.0	  3.5	 10.6	18	 -2.0	 -9.5	4	 78.0	 39.4	 12.4	28	 998.2	6.8	NA	 6.9
505	2008	1	 -1.2	  1.6	  8.0	3	 -3.9	 -9.3	30	NA	 90.1	 24.8	19	 995.1	6.6	NA	 7.9
505	2008	2	 -0.7	  2.0	  7.8	19	 -3.8	-12.2	29	NA	 26.5	  4.2	1	 997.1	6.7	NA	 7.8
505	2008	3	 -1.0	  1.0	  3.8	10	 -3.0	-10.0	4	NA	 67.1	 22.0	5	1003.7	7.6	NA	 7.3
505	2008	4	  0.5	  3.5	  8.6	20	 -1.8	-10.2	14	NA	 36.5	  6.3	9	1018.6	6.1	NA	 6.5
505	2008	5	  5.3	  8.5	 15.8	23	  3.1	 -2.2	9	NA	 39.9	 14.3	10	1020.9	6.9	NA	 5.4
505	2008	6	  7.3	 10.0	 18.2	6	  5.3	  2.8	19	NA	 41.4	  7.5	29	1015.5	6.3	NA	 5.6
505	2008	7	  9.2	 12.0	 22.5	28	  7.5	  4.2	9	NA	 34.0	 10.0	3	1011.7	6.8	NA	 5.2
505	2008	8	 10.1	 13.3	 21.2	16	  7.1	  1.5	21	NA	 11.9	  4.0	31	1006.1	6.1	NA	 4.1
505	2008	9	  8.5	 12.5	 20.2	17	  5.0	 -0.8	25	NA	 49.3	 13.0	2	1004.8	6.2	NA	 5.2
505	2008	10	  2.0	  3.7	 10.8	8	 -1.0	 -7.7	22	NA	126.0	 28.6	25	 997.1	7.0	NA	 7.8
505	2008	11	  0.5	  2.9	  8.2	7	 -2.1	 -7.2	30	NA	 54.6	  7.9	10	1005.1	7.2	NA	 7.8
505	2008	12	 -0.5	  2.1	  8.1	11	 -3.6	-10.5	3	NA	 74.5	 24.6	23	1002.0	6.4	NA	 7.4
505	2009	1	  0.5	  2.4	  5.2	9	 -1.9	 -9.7	14	NA	 43.4	  5.0	10	 991.5	6.8	NA	 7.5
